0.060762867,0.02533663,0.0077576637,0.0690712,0.039303795,0.06544314,0.051426485,0.05492066,
0.03411036,-0.065471515,0.07938506,-0.04929718,0.055718064,-0.01978948,-0.04302625,0.0131623745,
-0.010751776,-0.053017706,0.0149161145,-0.025322147,-0.002632141,0.03772424,0.073475,0.06632431,
-0.071349606,0.074386954,-0.01254005,-0.08516454,-0.06657847,-0.07030829,-0.054673024,-0.057612583,
-0.0761783,0.05105257,0.07618077,-0.006287962,0.07874113,0.06528902,-0.01485125,-0.018617198,
0.03687556,-0.032860503,-0.036766447,0.026489079,0.025585338,-0.035266183,0.021945104,0.035081476,
0.050030693,0.08036761,-0.0014855266,0.07316914,-0.023606084,0.017531388,0.06520854,0.074251294,
-0.0354985,0.024884783,0.016326524,0.036528423,-0.007853888,0.059743613,0.06485768,0.06659648,
-0.03396356,0.0015020296,-0.076899394,0.058228955,-0.0858116,0.02455917,0.03341694,-0.004572548,
0.056243613,-0.06861759,-0.06508053,-0.01724217,0.031443767,-0.06232176,0.024782665,0.06537981,
0.010989793,0.040969774,0.053319916,0.00943815,0.043169394,0.043395236,-0.028873008,-0.061918803,
-0.056084014,-0.0032652318,0.011917815,-0.07657146,0.03725282,0.07339755,-0.063710004,0.023336835,
-0.016472057,0.17174596,-0.13969411,0.05328627,-0.2600457,0.16499656,-0.07448857,0.27198312,
-0.081772596,0.21087894,-0.23559946,-0.067400776,-0.19653921,0.11713368,-0.025685716,0.36982128,
0.031906694,-0.08893627,0.09103362,0.0056848153,0.15316412,-0.020718187,0.08046864,0.14360559,
-0.0020343512,-0.023124533,0.06539041,-0.07768155,0.07152526,-0.033499677,-0.0774727,0.013400477,
-0.07679105,0.028425038,0.08615823,0.08364084,0.039298013,-0.040203713,0.03525176,-0.058339264,
0.022166438,0.0022842214,-0.07761199,-0.026258316,-0.035668954,-0.08009623,0.037883177,-0.05900091,
0.056442857,-0.03481552,-0.042798605,-0.0789486,-0.06985142,-0.018386401,0.058345348,-0.028945658,
-0.042235468,0.03615965,-0.053570136,-0.07948225,0.079373434,0.031071939,0.05196041,-0.06641629,
0.07375561,-0.013835952,-0.07990368,0.07466994,0.05182758,0.08070855,0.058189273,0.0012553483,
-0.0019365847,-0.048476677,-0.025657516,-0.0866383,-0.023902923,0.030492552,-0.026759803,-0.026993882,
-0.047804054,0.06716159,-0.050027058,-0.08519469,0.06546238,0.07314575,0.012248658,0.061047316,
-0.045791224,-0.06606188,-0.007866897,-0.080816396,-0.06944361,0.0485076,-0.010222942,0.04128006,
0.061493978,0.010240123,0.021155521,0.004049316,-0.07586839,-0.025898423,0.062535524,-0.054303646,
-0.020813018,-0.032495566,-0.022397429,0.03240025,0.056286275,-0.060844738,0.000734359,-0.07047042,
-0.033871297,0.0030547678,-0.03395277,0.038134664,0.03766817,-0.08088849,-0.017406091,0.047461197,
-0.05501833,-0.082297236,-0.040380165,0.012360506,0.058379725,0.07193296,-0.0043898895,-0.071281835,
0.00057756156,-0.018284962,-0.007846855,-0.047731444,0.056546032,0.08393158,0.0868521,-0.020734116,
-0.057951726,-0.058527276,0.087000236,0.03343846,-0.023245342,-0.037173178,0.041482374,0.027535044,
-0.08613175,0.07821028,-0.08229025,0.053882197,0.08165179,-0.0058671385,0.056958288,0.016359828,
-0.07253359,-0.05249601,-0.0015727505,-0.07601805,-0.071731046,-0.024188444,0.04844804,-0.08161044,
-0.046659123,0.05061694,0.042065933,0.03406182,-0.15721196,0.0008372919,0.027262928,-0.0075507644,
-0.0014797822,0.24736492,-0.24725084,-0.039641052,-0.15748629,0.14161544,-0.27923957,0.34897435,
0.011158997,0.23762727,-0.65222245,-0.0700756,0.0067102048,0.1057921,-0.3502596,0.6210774,
-0.0011671091,0.3200618,-0.6005085,-0.015994083,0.0017701397,0.09040179,-0.27112538,0.6538681,
-0.013669452,0.5012539,-0.46764353,-0.058583066,0.120178364,0.04546701,-0.19393632,0.55100185,
-0.043051433,0.6309791,-0.3829024,-0.09439491,-0.21841225,0.14758962,-0.14487813,0.8133625,
-0.20349279,0.9069707,-0.34853983,-0.10590312,-0.77431935,0.34132007,-0.4548409,0.6328913,
0.28555027,0.30274552,-0.4171111,-0.25256717,-0.34057575,0.2808335,-0.30359834,0.16752593,
0.41879392,0.22329932,-0.520289,0.059785396,-0.14134225,0.32111484,-0.40679365,-0.03124222,
0.4952142,0.3710587,-0.6274571,-0.09846945,-0.23840217,0.5617308,-0.66326904,0.18304062,
-0.18302476,0.3687507,-0.47827622,0.46374953,-0.0571534,0.12701434,0.040848568,-0.01297899,
-0.13407731,-0.2379142,-0.6320476,0.02578164,0.11021992,-0.14730763,0.22160524,0.04849051,
-0.02395122,-0.3437655,-0.47967702,-0.76943374,0.37341344,0.1069783,0.16894649,0.27788922,
-0.0048759254,0.044248722,-0.6166945,-0.4938013,-0.09062078,0.38359967,0.23605086,0.11292369,
-0.03417754,0.4935321,-0.57687575,0.359193,-0.6581816,0.51022464,-0.008368936,0.24447054,
0.002518505,0.66482097,-0.7732549,0.051982418,-0.4355091,0.6405614,0.12341963,0.6681622,
0.051139068,0.5317199,-0.87869644,0.17237122,-0.43079805,0.57465714,0.23239876,0.7041507,
0.10527982,0.66822153,-0.6039231,0.09492761,-0.4524776,0.3553453,0.13654782,0.55695105,
0.04198942,0.3509483,-0.37991798,-0.10057843,0.12589473,-0.40091363,-0.10176683,0.6206772,
-0.06933981,0.54355395,-0.3806174,-0.20982924,0.16081378,-0.28938282,-0.0019940457,0.5984644,
0.059751064,0.03000231,-0.08361061,0.009286001,-0.019880936,0.06953867,0.00766965,-0.019962884,
0.002651006,-0.083726674,-0.057742093,-0.08582249,-0.012411162,-0.002893135,-0.05580895,-0.06542702,
0.04570675,0.0809003,0.067422286,0.03877428,0.007530801,0.06433986,0.03895539,-0.020340435,
-0.0645386,-0.04694286,-0.020421512,-0.04098931,-0.08253097,-0.035172097,-0.018151902,0.02222301,
-0.074745804,0.001508519,0.025571913,0.08455664,-0.03202104,-0.006824769,0.03646061,0.05482404,
-0.029274344,0.04507175,-0.019701742,0.04314667,0.020695232,0.08158487,0.04534009,0.035577185,
0.083579645,0.0485483,-0.16452108,-0.05805791,0.023485495,0.053724524,-0.020094238,0.16555299,
0.39673853,-0.54132295,-0.4986127,-0.27152207,0.56417376,-0.1027065,-0.2246292,0.06728156,
0.5232625,-0.2747053,-0.410204,-0.20925525,0.04806685,0.19374347,-0.29985493,0.4248326,
-0.17226885,0.34803376,-0.36849886,0.28813723,-0.25476918,0.38335133,-0.41339803,0.34058407,
-0.52302676,0.6205515,-0.66150165,-0.014718148,0.081592955,0.35112503,0.14633836,0.5706307,
-0.35163447,0.76146966,-0.8079915,-0.1606623,-0.023399176,0.46310547,-0.097502835,0.82311875,
-0.59590375,0.63112116,-1.0605681,-0.23984551,-0.37407318,0.66301084,-0.32162258,1.0880554,
-0.54269457,0.0107450755,-0.634044,-0.51336485,-0.31186447,0.32615966,0.1824545,0.9013399,
-0.55147505,0.18831111,-0.5725358,-0.7254872,-0.30360717,0.6116597,0.07482466,0.9673564,
-0.61626285,0.03018363,-0.6376561,-0.63733494,-0.103592075,0.97024614,-0.37141237,0.7917264,
-0.5982086,0.25529438,-0.60670596,-0.29272398,0.23281497,0.74486303,-0.3422798,0.63413334,
-0.8054055,0.44978252,-0.43782195,0.06306505,0.042873856,0.1371984,0.14582509,0.41416582,
-0.8696406,0.22464556,-0.39449364,-0.23710696,0.27094096,0.44877854,-0.27695113,0.2824618,
-0.7295428,0.38420552,-0.51433766,0.24930203,0.13338375,0.055945423,0.046611357,0.191143,
-0.5639251,0.41237184,-0.43002138,-0.021079006,0.13583353,-0.060065504,-0.25958636,0.5149129,
-0.8569716,0.32142267,-0.48016945,-0.10141842,-0.16617426,0.07882494,-0.66477793,0.5428735,
-0.7193947,0.3012381,-0.41599452,0.10479583,-0.15261398,-0.29196548,-0.64270747,1.080973,
-0.2717309,0.5118455,-0.4163896,0.45667186,-0.3720749,0.070752986,-0.6255248,0.71076936,
-0.43663013,0.40314463,-0.6501582,-0.032619324,-0.53437793,0.0012168944,-0.33131376,0.73845404,
0.027108703,0.45459843,-0.7767324,-0.07944026,-0.28690305,0.33164692,-0.09615214,0.28800392,
0.2674679,0.9498046,-0.34234437,-0.47109288,-0.33382964,0.31287202,-0.0878848,0.19510058,
0.47081754,0.059277717,-0.77695036,-0.72969013,0.46093476,-0.0021388873,-0.16121659,1.0539614,
0.13887331,-0.4721347,0.09972109,-0.5700174,0.6054047,-0.31101638,-0.15307356,0.5903951,
-0.06761093,-0.41417888,0.27765906,-0.5099931,0.5592597,-0.30995533,-0.060786657,0.42716727,
0.06984216,0.07758807,-0.024243832,0.009720869,-0.05053616,-0.08315943,-0.010258779,0.06083992,
-0.038881186,-0.07921879,0.021396577,-0.030609652,0.05662957,0.018800475,0.054234535,0.06697978,
0.08403143,-0.0032288805,-0.014478132,-0.007670127,-0.011317715,-0.059876613,0.028709754,0.0060556307,
0.07947697,0.01201611,-0.053289365,0.010999881,-0.057081297,-0.058442526,0.073023275,0.077400655,
0.057007357,-0.023471475,-0.16087633,-0.029950768,-0.079232715,0.07707776,-0.08612225,0.20984471,
0.50258595,-0.28690773,-0.7203152,-0.49464038,0.29415122,0.122062676,-0.19559067,0.5320088,
-0.08244697,-0.33625403,-0.66079766,-0.23046248,0.4021071,0.51839167,-0.32586774,0.4396354,
-0.5031899,-0.15753312,0.41284028,-0.013081135,-0.40153816,-0.123878576,-0.17392051,0.4802907,
-0.6378799,0.28293413,-0.31871936,-0.11455522,-0.42821056,0.4144298,-0.12393377,0.41159818,
-0.49046955,-0.20562986,-0.43817875,0.020196531,0.12812395,0.25969666,-0.2329236,0.67279613,
-0.16286863,0.096948884,-0.32638553,-0.31555903,-0.08043764,0.12310374,-0.4422866,0.87562627,
-0.20903268,0.19397837,-0.32867888,-0.5383789,-0.0858186,0.48331958,-0.23723456,0.9979663,
-0.26075634,0.15083729,-0.0961096,-0.580566,0.024565307,0.45189318,-0.11365313,0.92074203,
-0.07651595,0.045791756,-0.0645749,-0.56638664,0.10355873,0.5430682,-0.28303677,0.6871255,
-0.22523737,-0.016218964,0.1733047,-0.096593246,-0.041607983,-0.00821731,-0.3930968,1.0642655,
0.20400283,0.12320791,-0.2655361,-0.2128911,0.049113724,0.15002012,-0.16071756,1.0346111,
-0.1996851,0.006836813,-0.04513246,-0.1934367,-0.02025393,0.1953998,-0.6471275,0.7648636,
0.01138964,-0.07939993,-0.1472623,-0.19448212,-0.17873238,0.17306936,-0.54293966,0.7878132,
-0.030319966,-0.18325818,-0.062589414,-0.218274,-0.14846666,0.06723062,-0.5202967,0.3463559,
-0.1416808,-0.018970879,-0.11534766,-0.07919973,-0.13180198,0.17286918,-0.3797461,0.28756878,
-0.19500536,0.054571345,-0.15990296,-0.16878365,-0.17871755,0.052091118,-0.060284402,0.47862312,
-0.29777917,-0.15747333,-0.110623375,0.111392185,-0.25004208,0.26449943,-0.36706504,0.36500382,
-0.2675741,0.07091252,-0.015534343,-0.3168815,-0.34478876,0.07590179,-0.6917869,0.45408916,
-0.3244527,0.36503023,0.01637604,-0.23726575,-0.39298132,0.12954758,-0.72321075,0.4689516,
-0.2245138,0.37692615,-0.11874157,0.07929072,-0.3546409,0.04582143,-0.36220694,0.21579906,
-0.059408415,0.7945209,-0.098209746,-0.38713595,-0.49163604,0.1798985,0.12402592,0.2643304,
-0.14760289,0.3503163,-0.088995256,-0.5210627,-0.2664496,0.08300532,-0.0808599,0.5870791,
0.0726321,-0.052071717,0.21181878,-0.081239775,0.021439115,-0.41569337,-0.06846525,0.48986498,
-0.3810755,0.5703939,0.08766404,-0.33445612,-0.3839117,0.075238965,0.05618508,0.39439982,
0.038389564,0.019176394,-0.054981332,-0.05144423,-0.014353558,-0.08469474,-0.04456395,0.052772984,
-0.05173334,0.015361279,-0.019373372,0.041338295,0.01776617,-0.013800941,-0.009733282,-0.050358564,
-0.0768648,0.11928726,0.14039701,0.12881368,-0.14348096,-0.12118892,-0.021978036,0.16736948,
-0.35176906,0.24274035,0.55502015,-0.38242447,-0.20748259,-0.55333114,0.0579585,0.069892794,
0.39022923,0.19837783,-0.046221968,-0.3738701,-0.22814584,-0.23635468,-0.5366664,0.5784187,
-0.47282383,0.45951027,0.35441992,0.38178122,-0.46186197,-0.11982371,-0.3992097,0.28899595,
-0.27117583,-0.39310202,0.050605834,0.47752488,0.055893604,0.10600803,-0.033336066,0.21661381,
-0.055196337,-0.6655317,-0.19533919,0.27805427,0.11813997,0.2424121,-0.10836936,0.17269474,
0.049263664,-0.4305165,0.08952357,-0.3568604,0.004407629,0.4118645,-0.35413754,0.10826771,
0.020135133,-0.15787108,0.19026706,-0.43493488,0.21850231,0.26453042,0.04207672,0.4814111,
0.15490359,0.15657076,0.03579624,-0.23444933,0.3213018,0.23845033,-0.098147966,0.2730744,
-0.024994029,0.38953158,0.078754775,-0.5670401,0.08710257,-0.03183408,-0.07534314,0.63052136,
0.13389984,0.16932473,0.1818769,-0.03522226,0.086214416,-0.18952997,-0.022976778,0.32996798,
-0.0133213,0.015321168,0.11477891,0.09009919,0.124175556,-0.0005217884,0.038345393,0.2869618,
0.08967433,-0.13664733,0.088118464,0.19784234,0.09787342,0.12196445,0.23380715,0.18011576,
-0.025636742,0.09195623,0.068036005,0.046018206,0.27174127,0.022757344,-0.10464916,0.21390045,
0.092921294,0.22898938,0.10642151,0.004599691,0.13424182,-0.26577073,-0.36885473,0.21317041,
-0.07707798,-0.01386316,-0.043346137,-0.101036526,0.059267044,-0.07228886,-0.33993992,0.2095615,
0.060916703,0.10606479,-0.025647499,-0.0890148,0.022342302,0.08738938,-0.27606755,0.06232311,
0.08905082,0.052565936,0.096622065,0.0102874,-0.09749608,-0.12918185,-0.38621518,0.2284534,
-0.003953262,-0.13384402,-0.007617015,-0.07253743,-0.1416297,0.07960731,-0.7377164,0.13083029,
0.209097,-0.1398269,-0.046962097,-0.069374375,-0.023740118,-0.048049044,-0.4455663,-0.14240351,
-0.12332624,0.07469815,0.03585663,-0.082247555,-0.3577055,0.085580364,0.21835299,-0.10786363,
-0.07541188,-0.008094051,0.19183479,-0.0762559,-0.32028058,-0.046979107,-0.35982808,-0.07845863,
0.13140184,0.29812577,-0.22912247,0.07050456,-0.4187743,0.27418628,0.3209276,-0.17635499,
-0.15698832,0.31514207,0.37489578,0.068379834,-0.41930535,-0.093674526,0.26594335,0.005310493,
-0.08238878,0.15705563,0.5303209,-0.155561,-0.24722172,-0.25105214,-0.08158092,0.2880169,
-0.70966595,0.6303041,0.61080176,-0.45358676,0.21860705,-0.4287793,0.0015437194,0.5353427,
0.056552738,0.5924938,-0.12474323,-0.6983464,-0.055610742,0.2760062,0.017923802,0.2964754,
-0.06732397,-0.007818192,0.038754463,0.021472506,-0.060718797,0.074031085,-0.04488112,-0.023344494,
-0.009071678,-0.0096012205,0.06382072,-0.04634104,0.04737395,0.008979149,0.037269384,-0.033408016,
-0.38889226,-0.5587203,-0.6219423,-0.15495853,0.6581355,-0.31135696,0.18343376,0.55068624,
-0.17244048,-0.5543694,0.5469155,0.26769412,-0.054893296,-0.37591934,-0.32571977,0.39390627,
-0.24950735,-0.61949295,0.1501161,0.5661813,0.08999522,0.27155223,0.35191813,-0.02457441,
-0.3821838,-0.26783934,0.19984573,0.6069343,0.36722046,-0.4339046,0.5090245,-0.52400595,
-0.08204021,-0.25432158,-0.011213208,0.27165008,0.07061471,0.07710333,0.13542522,-0.25410295,
0.03462254,-0.19463052,0.22266588,0.24313787,-0.064267315,0.20694958,-0.010326664,0.13337253,
-0.0804568,0.002674891,0.15529478,-0.26707697,-0.24256738,0.28055093,0.18524528,0.029155865,
0.07220086,0.050287463,0.05294445,-0.01736889,0.13295005,0.004471229,0.06680134,-0.051683668,
0.17145956,0.18328266,0.06326832,-0.48653555,-0.044124465,0.12574856,-0.16905032,0.112169094,
0.10450114,0.32114097,0.34574056,-0.04108447,-0.072201714,-0.054322608,0.12833767,0.07795509,
-0.07911686,0.21399023,0.10890562,0.0652798,0.098796874,0.19677359,0.17080279,0.04357631,
0.10122346,0.12406187,0.2009505,0.10599222,0.1383229,0.04932682,0.10044527,0.12293067,
0.1496372,0.2853314,0.056450706,0.054805588,0.20478898,0.15515389,-0.08457027,0.106271766,
0.014304401,0.031289868,0.021399414,-0.026807342,0.28198728,0.16934127,-0.023038745,0.061662473,
0.04525152,0.053668305,-0.022476928,0.018107466,0.12445548,0.018974863,-0.07499904,0.2499506,
0.09132157,0.1375913,-0.014120457,0.0027685647,0.0784113,0.059310116,-0.18552318,0.11430756,
0.08651461,0.059123937,0.014839229,-0.018469129,0.114320815,0.02713212,-0.049060583,0.14864686,
0.09537434,0.18904376,0.0075444784,-0.15642612,0.04802548,0.084839575,-0.22197045,0.20236333,
0.03510649,0.17405885,0.045225337,-0.017407512,-0.12412957,-0.0061046216,-0.51903397,0.16194354,
0.06309824,-0.08285701,-0.054592427,0.018731661,-0.09263509,-0.106115185,-0.0722057,0.12201261,
-0.08501618,-0.06372477,0.08402813,0.032675717,-0.11950799,-0.15063901,-0.5646465,0.14809215,
-0.022346618,-0.31046072,0.008271994,0.09114802,-0.16615088,0.17707431,-0.27308255,-0.04925578,
-0.14208007,-0.16846117,0.11120982,0.1348252,-0.33819956,0.22055767,-0.2689708,-0.06339335,
-0.27845794,0.4361955,0.42125028,-0.28458482,-0.059721533,-0.01028418,-0.070992,0.36357924,
-0.7067838,0.7194448,0.44812378,-0.40771753,-0.3487253,0.32199195,0.19358732,0.5157945,
-0.15518002,0.5309658,0.28063124,-0.27373725,-0.45846376,0.5076828,-0.10093079,0.06571308,
0.086356,-0.06285055,0.053135306,-0.06222205,0.01800038,0.047533944,-0.032432895,0.049472883,
-0.2726536,-0.36493346,0.3345701,-0.37426656,0.20861126,-0.31194523,0.20896547,0.32965183,
-0.057804972,0.08181297,0.35682213,0.45373282,-0.44139123,-0.25600216,-0.18657903,0.16837864,
0.106033355,-0.28609118,0.30774805,0.08892939,-0.070167415,-0.551371,-0.0067770774,0.37008643,
0.07991195,-0.13551761,0.04745961,0.32872343,-0.27564293,0.44668183,-0.15245137,0.13036266,
0.103203155,0.0004585922,0.2234898,0.02156748,-0.04370003,0.26485163,-0.20438549,-0.20356962,
-0.014693432,-0.39553434,0.20289291,0.12041704,-0.016913628,-0.032116335,0.12866457,0.02580044,
-0.020665277,-0.13131721,-0.09459154,0.22926493,-0.06879782,0.2968138,0.0966868,-0.025396625,
0.032563,-0.06350737,0.21719481,-0.010526076,-0.039824855,0.03244742,0.10390566,-0.068476215,
-0.22526875,0.049994573,0.2444497,-0.24364078,0.045057703,0.11789442,0.12303768,0.0064702085,
-0.05548007,0.23751737,0.12144129,-0.25201902,0.13032305,-0.14813763,-0.03547508,0.0884019,
0.19098878,0.2692286,0.09545559,-0.16006175,-0.004075399,-0.23466724,0.03913174,0.095629394,
-0.07730667,0.3105806,0.06708429,-0.1258747,0.038787007,-0.09858578,0.039372765,0.09375256,
0.015671153,0.159326,0.16424605,0.017223798,0.14879951,-0.101196975,-0.010903207,0.04334804,
0.13559347,0.18718198,0.1891602,0.13056697,0.12563004,-0.16688693,0.03417942,0.07619543,
0.09265048,0.24510185,0.17679733,0.047241304,0.25070146,0.004305307,-0.055080373,0.13913453,
0.07006528,0.09799794,0.17902897,0.041301567,0.26252857,-0.13457268,0.020235589,0.12029863,
0.059893258,0.22809316,0.17651236,0.0139793325,0.071730785,0.058857772,0.024456933,0.06527807,
0.012951076,0.054941226,0.14552394,-0.0011468802,0.28530198,-0.14219433,0.03196361,-0.014924357,
0.070747584,0.1316272,0.07746005,0.038709156,0.019944847,-0.026465956,-0.3440843,-0.05553251,
-0.02796957,0.1229248,0.1131415,0.13304135,0.00911837,-0.28354147,-0.17491126,0.009667268,
0.08821409,0.10418805,0.025496775,0.0026520614,0.040185217,-0.157949,0.17126018,0.0049100975,
0.11728071,0.18998627,0.013991171,-0.07532521,-0.08740296,0.04809758,-0.22459131,0.11211255,
-0.091495804,-0.09308483,-0.017141571,0.21556056,-0.06191433,0.39427945,-0.4190964,-0.028565403,
-0.44437587,0.1534578,0.2716551,0.23423493,-0.10721689,0.075432554,-0.1636106,0.3267192,
-0.36902192,0.5387194,0.32358965,-0.09247273,0.06244573,-0.10308484,0.07781204,0.3941269,
-0.765654,-0.06807731,0.1540779,0.1409937,0.010726196,0.000662916,0.30677524,0.03090128,
-0.244879,0.67789054,0.26647916,-0.32953453,-0.16276164,0.07575437,-0.4575216,0.40685472,
0.087337404,0.014691452,-0.020587485,0.04716192,0.030000864,0.10961376,0.06217544,-0.15630934,
-0.6274983,-0.22781089,-0.1153975,-0.64058405,0.52605116,-0.65218747,0.56180567,0.5597426,
0.18259892,0.032413814,-0.12809466,0.029814024,0.030239599,0.30089527,0.24301198,-0.049930207,
0.6652383,0.13191669,0.63087684,0.14159915,0.09172724,-0.21451995,0.22815861,0.10226701,
0.13365212,-0.48384845,-0.00781734,0.067175634,0.0028197262,0.56149787,0.20673382,0.30339083,
-0.06119765,-0.3697345,0.17640261,-0.12252319,-0.16486757,0.30644342,-0.0019099591,-0.048845507,
0.19501604,-0.3115335,0.07568689,-0.27603203,0.080341294,0.11674068,0.25213358,0.097671434,
0.050820757,-0.13782686,0.04911725,0.055068333,-0.09514475,-0.11751337,0.19752109,-0.013276329,
-0.071792334,0.15177988,0.039296903,-0.1527973,-0.1643584,0.018705992,0.06985457,0.11852471,
-0.06442429,0.15764107,-0.02635169,-0.07737932,0.02101686,0.22013922,0.06520302,-0.029013164,
0.035570204,0.35971987,0.057522636,-0.052852623,0.008012509,-0.3347366,0.0096059,0.055970155,
0.13879134,0.1713322,-0.0119620785,-0.06346624,-0.02344328,-0.16631795,-0.042096883,0.09433045,
0.046443865,0.15916182,0.13983986,0.076073125,0.032621186,-0.35683715,0.077071354,0.09086826,
0.120767005,0.07863064,0.1989397,-0.0014127264,0.21804275,-0.12551852,0.02933703,-0.052729122,
0.007979075,0.101803735,0.14254759,0.062068827,0.14202292,-0.12574276,-0.021989698,0.19913027,
0.09519631,0.23283964,0.25755155,0.041727323,0.23137636,-0.023069147,0.0016099468,0.030127456,
0.020118954,0.25132945,0.19247295,0.015479305,0.2221481,-0.12685207,0.0028849386,0.0415809,
0.076270275,0.117238045,0.12941428,0.008559766,0.11525763,-0.08450342,-7.2893563e-06,-0.14835668,
0.15986554,0.21908052,0.047641788,-0.05374459,0.059658762,-0.2469897,-0.031171141,0.03754857,
0.08131771,0.17347692,0.004727914,-0.043948427,-0.027982932,-0.21077509,-0.08927806,-0.08387106,
-0.091696255,0.20388372,-0.03724236,0.008260439,0.13157822,-0.2784709,0.08609643,-0.104130216,
-0.024325268,0.22931065,-0.06191745,0.002853229,-0.05128371,-0.17294623,0.0062070624,0.04029502,
-0.045745946,-0.009902172,-0.11328611,0.020156393,0.022491224,-0.13146366,-0.093333885,-0.15691648,
-0.041762352,0.051384225,-0.06210865,0.28477162,-0.003533476,-0.028361885,-0.047365673,-0.1332226,
-0.08182173,0.5213619,0.09084126,-0.007126136,-0.113883525,0.24877246,-0.23889527,0.045899462,
-0.3364236,0.40794805,0.34041315,0.2160256,-0.19660908,-0.091676995,-0.1570743,0.36927807,
-0.89711165,-0.09885378,-0.102352746,0.305084,0.1328475,0.06838834,0.28242654,0.20772271,
-0.1898509,0.5583301,0.39501876,-0.31464612,-0.23764841,0.12613904,-0.35815638,0.4175004,
0.19157684,0.15312035,0.0142998565,-0.081902996,0.19409196,0.15445659,0.15511088,-0.14414698,
-0.17334753,0.14032413,-0.1242363,-0.5968408,0.53043354,-0.19115528,0.6073253,-0.4387374,
0.6637309,-0.01145944,0.22802365,-0.28219137,-0.28022593,0.30064952,-0.016876303,0.13264138,
0.4647808,0.27462587,0.12413022,0.8259814,-0.2668381,-0.21804479,0.20506836,0.10641373,
-0.3209886,-0.5000831,0.14330077,0.2620964,-0.07987965,0.20961072,0.25796384,0.1916875,
-0.18963803,0.057395272,0.28412166,0.06414949,-0.2540953,0.10553452,0.1183645,-0.04007035,
0.17768039,0.21400204,0.19025142,-0.060958564,0.0366076,0.16200678,0.118475966,0.009510947,
-0.015649196,0.15075693,-0.00078432553,-0.09533037,0.04555735,-0.019172926,0.20675848,-0.028738419,
0.083129644,0.23881754,0.17224504,-0.29706395,0.10117637,-0.015708914,0.19812344,-0.11735287,
-0.0022828993,0.19259828,0.05803917,-0.100976825,-0.06311641,0.07235569,0.102951355,-0.15394059,
-0.036878187,0.12962969,-0.01757246,-0.20815887,0.029381773,-0.014317966,0.10684371,-0.039679106,
0.05564369,0.25635117,0.009095929,-0.01148479,-0.01634234,-0.16823536,0.029969199,-0.029443812,
-0.011246578,0.3420218,-0.108098865,-0.01295491,0.01878793,-0.24321671,0.030022886,0.14109446,
-0.023853565,0.27573854,0.07212908,0.07847221,0.0040236376,-0.03937444,0.05954781,0.1429263,
0.113484584,0.08548485,0.07851804,0.19560002,0.12407095,-0.2565531,0.21468207,0.17249355,
0.1561519,-0.01704202,0.06609694,0.0404792,0.19910489,-0.2321465,0.029444259,-0.032977965,
0.23350453,0.17809182,0.14495406,-0.051890627,0.09637288,-0.28825104,0.009921042,0.027752375,
0.13198386,-0.025767742,-0.060955774,0.023850802,0.2047333,-0.080688655,-0.07680395,0.06607442,
0.11594796,0.030415611,0.19912344,0.106600344,0.14349914,-0.19915487,-0.05093693,-0.014258836,
-0.08661702,0.044708606,0.07777254,0.06430966,0.19841848,-0.18184258,-0.16998076,0.114553,
0.05214176,-0.059404418,-0.016924348,0.0147976605,0.0016705411,-0.10012277,0.022185236,-0.0031864718,
0.002105804,0.025637912,0.03555102,0.11852893,0.072114944,-0.00301723,-0.10819991,-0.043934893,
-0.063416995,0.15232554,0.0083517395,-0.007274715,0.06363614,-0.22365512,-0.04872242,0.061175425,
0.1691704,0.18431097,-0.10012894,0.12650257,-0.019322598,-0.34349114,0.24203761,0.13999653,
-0.08646438,0.66048753,0.15510626,0.54470396,-0.22630948,-0.21026824,-0.14050195,-0.12665485,
-0.64657176,0.24235985,0.09288561,0.6196635,0.17630646,-0.052519165,-0.1744497,0.064500414,
-0.934342,-0.18511567,0.07213628,0.23344177,0.35389012,0.15482639,0.17450765,-0.040725976,
-0.091122136,0.14063184,0.44533178,0.3818984,0.28676358,-0.7315935,0.063386925,0.6889291,
0.11721908,0.13167775,-0.07175556,-0.043004982,-0.00066990487,0.07577193,0.09906203,-0.22057737,
-0.16320848,0.17186217,0.13416673,-0.40585056,0.43875843,-0.07373823,0.47931495,-0.36822584,
0.0038832354,-0.06525064,0.05452815,-0.5754217,0.106675215,-0.010507578,-0.0035949894,0.17378867,
0.04698639,0.02857023,-0.037335403,-0.2320504,0.043996964,-0.25631958,0.11572793,0.07598837,
-0.02875739,-0.3211129,0.37098536,-0.0354807,0.16915713,-0.17575163,0.3165616,0.070140965,
-0.047032956,0.042870276,0.11005424,-0.05489297,-0.0034828763,0.2273158,0.3324812,0.040748872,
-0.0061296956,0.2683133,0.13203996,-0.18963595,0.0585662,-0.036129467,0.1812056,-0.018178957,
0.029432863,0.22606242,0.09407917,-0.038457677,-0.045822117,-0.00419805,0.02360416,0.095425256,
-0.082273975,0.17842668,0.07708168,-0.02235744,0.14831777,-0.12564136,-0.023650736,0.041168083,
0.07409425,0.15299344,0.09648098,-0.17868279,-0.009433762,-0.16307065,0.024939207,0.0046088975,
0.09268278,0.16011564,0.12297986,-0.18311292,-0.008547314,0.02336307,-0.07593199,-0.045471903,
0.05524134,0.27164787,-0.032930028,0.067960076,-0.08364159,-0.24404658,-0.04188676,-0.02422386,
0.08641293,0.07774882,0.12655672,-0.028888647,0.001750261,-0.22851515,0.097785234,0.12204174,
0.13232622,0.21973936,0.010027713,0.14483184,-0.07431222,-0.10982604,0.17334944,0.13904862,
0.0048186346,-0.004078442,0.11170633,0.03521699,-0.058722556,-0.29195276,0.4291657,0.08330755,
-0.12848118,-0.27177075,0.11605145,0.03731028,0.12203973,-0.25572512,0.1480551,0.040592678,
0.16331978,-0.23228931,0.007843992,-0.07199419,0.18524694,-0.26199523,-0.121418655,-0.04135108,
0.18401678,-0.10598968,0.14040956,0.059255093,0.2255068,-0.15203379,-0.056717403,-0.14070709,
0.09909252,-0.11104001,0.060858727,0.043539774,0.12518124,-0.058120698,-0.044536,-0.11573115,
0.17791831,0.044048615,0.05041277,0.01174921,0.17289664,0.10737487,-0.07468344,-0.11955128,
0.119769275,0.024402663,0.13702224,-0.06396512,0.10944348,0.047973156,-0.053248733,-0.06500851,
-0.04453236,0.023409659,0.01747083,0.22830601,0.043747097,-0.10379851,-0.038072355,-0.01299128,
0.0075962893,0.12646863,0.037315976,-0.06936354,0.16749796,-0.14761604,-0.0798675,0.16236116,
0.12276386,0.27260956,0.15317538,-0.0046191937,0.020542286,-0.22100171,-0.26954332,0.2518331,
0.022718236,0.7579608,-0.17874098,0.435572,-0.09679443,-0.39135373,0.02575856,0.096146695,
-0.96105486,0.55654407,0.15288857,0.47568262,0.14697523,-0.8863827,-0.129012,0.64764386,
-1.0950812,0.07530678,0.15390351,0.30027327,0.36340514,-0.6417373,0.18015905,0.2671282,
-0.49193683,-0.2841533,0.37184095,0.07334397,0.4361718,-0.5986359,0.44283688,-0.38445595,
0.2257126,0.1446521,-0.07187568,-0.03855022,0.02194336,0.09987655,0.19537649,-0.19076979,
0.21875523,0.05896501,-0.028575448,0.06978323,0.32628104,0.2621478,0.5715756,-0.40389636,
-0.02217585,-0.43690473,-0.20788093,-0.49344042,0.63421357,-0.6006552,0.7692855,-0.36897293,
-0.08636212,-0.0707638,0.29302865,-0.06485377,-0.26053822,-0.4636836,-0.04752476,0.30495602,
0.24451505,0.16521977,0.08494944,-0.045641646,-0.08253333,0.13720405,0.14952414,0.05905714,
0.15433632,0.054849036,-0.076647624,-0.28613493,-0.029479245,0.3050718,0.21383241,5.421901e-05,
-0.021924768,0.14457953,0.06370347,-0.46596238,0.10159844,0.1402519,0.114630416,0.07907782,
0.18144248,0.1448501,-0.04171035,-0.25688604,0.005672401,0.14415583,0.031473313,0.06120095,
0.0024870194,0.14774242,-0.01611004,-0.23022215,-0.073459074,0.12449162,0.025867049,0.038740452,
-0.025129609,0.5238019,0.049103487,-0.27143574,-0.14768001,-0.0047155297,-0.0068039056,-0.18656214,
-0.10027267,0.33755034,-0.06691009,-0.0010972955,-0.12706932,-0.17034589,-0.006712931,-0.14394939,
0.06951569,0.14305556,-0.07130893,0.21155903,-0.07701091,-0.20813306,0.033812746,0.0028331005,
0.09803728,0.21628034,0.023367262,0.2704632,-0.12409959,-0.08557383,0.06418586,0.10354312,
0.07662463,0.121635094,0.035438564,0.22674969,-0.10927435,-0.055371355,0.40580472,0.29414746,
0.03004757,0.01889002,-0.018711733,0.14887218,-0.104527205,-0.29695493,0.38544008,0.16279449,
-0.2072641,-0.26067072,-0.090076536,0.08133005,0.014667549,-0.37225443,0.062156223,-0.2941523,
-0.07374008,-0.44119582,0.030643657,-0.061110787,0.1453975,-0.23049991,-0.07163601,-0.16687745,
0.3759184,-0.26583534,0.06931502,-0.10670294,0.13566527,-0.018818844,-0.06880311,-0.01910656,
0.21568449,0.012027785,0.12823415,-0.08477429,0.21586457,0.1290207,-0.08274197,0.077989034,
0.1509588,-0.0317699,0.14442074,0.0718455,0.22217228,0.12705702,-0.022295082,0.0005284119,
0.123787105,0.04517398,0.09135796,0.008761582,0.14423284,-0.01489391,-0.03365881,-0.0747361,
0.19496632,0.12112862,-0.05243643,0.08578782,0.2515443,0.093826875,-0.03292284,-0.022375442,
0.3119178,0.09819099,0.10224633,0.12951963,0.15997462,0.16041377,-0.0017908467,-0.19842799,
0.30607843,-0.03825341,0.048842557,0.2569984,0.1545744,-0.24774921,0.03194575,0.13973287,
-0.08014045,0.31509072,-0.18923841,0.62301254,-0.17291322,-0.2369127,0.14022171,0.08573069,
-0.81871635,-0.0052723484,0.28849342,0.62455606,-0.01789477,-0.81852657,-0.07677282,0.2485976,
-1.0899588,0.076305665,0.13066223,0.49477988,-0.040026866,-1.2907512,-0.12587716,0.8337633,
-0.2527235,0.08127325,0.6754627,-0.08325585,0.38883254,-0.7270907,0.37228304,-0.17906788,
0.21034023,0.34831735,-0.090428844,-0.024541967,-0.031010687,0.39365688,0.2994699,-0.4807282,
0.030122247,-0.10495998,0.008154148,0.26125422,0.0117556695,0.4610014,0.43065703,-0.27691168,
0.41810754,-0.6351431,-0.044669427,0.02070129,-0.10777957,-0.5959306,0.63121843,-0.80600953,
0.021339955,-0.28056088,0.1498167,-0.5305115,-0.3979283,-0.5265792,0.06356729,0.40032837,
-0.16716678,0.027355146,-0.06710132,-0.3154263,-0.3157503,0.052808512,0.26367706,0.15183397,
-0.059550554,-0.033722047,0.0022751759,0.022358749,0.09763457,-0.040718246,0.059332587,-0.015453965,
0.015500969,0.17603107,0.09440473,-0.31378084,-0.1055943,0.11143708,0.054052524,0.07748444,
0.11017039,0.37476683,0.04200436,-0.25172412,-0.059520584,0.16570507,0.10087364,-0.14071931,
-0.13314278,0.48812395,0.05511947,-0.21389246,-0.14129885,0.06912875,-0.0041012466,-0.14284728,
-0.040684327,0.35176373,-0.011877737,-0.30562833,-0.11608069,0.1565919,0.0158561,-0.35918763,
-0.0201085,0.23845884,0.03197328,0.011568961,-0.29170084,0.055277783,0.13140638,-0.2888759,
0.019907119,0.089278385,0.09680847,0.09779854,-0.10307461,0.04633029,0.17838737,-0.060442664,
0.041388955,0.13686027,0.10167084,0.07686324,-0.13208854,0.21274637,0.042094085,-0.020623868,
0.07017714,0.2944288,0.045480315,0.21233727,-0.08503357,0.11107782,0.38993514,0.25233018,
-0.1998532,0.11811119,0.03696051,0.21502636,0.03162668,-0.21796706,0.38757348,0.1428845,
-0.4503305,-0.11863673,-0.024248216,0.17678247,0.08397383,-0.2788751,-0.12950964,-0.32912448,
-0.32578537,-0.20262857,-0.061544806,-0.0017785529,-0.03942583,-0.062385183,-0.10000131,-0.34674108,
0.012164222,-0.059128616,0.25077602,0.042980835,0.10811444,0.08269259,-0.034054257,-0.18671659,
0.161503,0.04328634,0.17105691,0.04547037,0.14689548,0.022004925,0.10083582,0.0044482644,
0.129526,-0.103161916,0.08036413,-0.04415289,0.23603645,0.29915622,-0.002283671,0.021212354,
0.25288162,0.008019997,0.1617983,-0.083299614,0.33361557,0.071291804,0.07183012,-0.09829369,
0.16531949,0.11773576,-0.1619148,0.019931998,0.2244498,0.20370571,-0.043510087,-0.044360917,
0.12323543,0.13762183,0.015856663,0.033114623,0.14813572,0.0122401705,0.16207488,-0.13384782,
0.16106783,0.17391618,-0.14621186,0.2508391,0.126422,-0.305544,-0.057017908,0.0057920148,
0.03177088,0.061119,-0.12645847,0.5338441,0.20772487,-0.52062637,-0.43931708,0.16047552,
-0.39641657,-0.14438032,-0.12936872,0.379097,0.014963259,-0.42296985,-0.65926206,0.3906687,
-0.6636809,0.37717253,0.89752865,0.3506624,-0.10991287,-1.11198,0.36779773,0.6963309,
-0.2413887,0.29653022,0.30497238,-0.12112443,0.63545704,-0.31311452,-0.0021187763,-0.3846292,
0.3808244,0.122250915,-0.15445603,-0.025095291,-0.006984474,0.17907867,0.17850837,-0.34358296,
-0.1834018,-0.24447507,0.030246584,-0.093401246,-0.17238921,0.49752927,0.2864422,-0.25869647,
-0.09740118,-0.374555,0.10216176,0.13139853,-0.13038081,-0.6027535,0.39643404,-0.6656782,
0.09896299,0.04412833,-0.23783821,-0.31519398,-0.6250624,-0.343462,0.17074563,0.13994138,
-0.2765897,-0.09020904,0.191327,-0.069531925,-0.139108,-0.35367543,0.29900756,0.13685179,
-0.011452099,-0.058319904,0.16223292,-0.35855561,-0.012257028,-0.11174278,0.29434517,-0.021951534,
0.07028156,0.28351238,0.08037976,-0.570965,-0.26857686,-0.018124873,-0.03996944,-0.1856289,
-0.14084053,0.25132412,0.12797177,-0.31040567,-0.116783984,0.07955995,0.15960392,-0.10691183,
-0.034310635,0.07707109,0.058419902,-0.17678899,-0.18631712,0.12916039,0.13416766,-0.19486547,
-0.09363413,0.18883762,0.122613214,-0.25658685,-0.14896625,0.13168727,-0.026517944,-0.052635998,
0.085008636,0.0016969753,0.16459692,-0.10405068,-0.18819645,0.13929304,-0.15267174,0.025176324,
-0.12217877,0.06330387,0.09423407,0.04309005,-0.19324213,0.34834808,0.024750259,-0.1721927,
0.104909614,0.07126146,0.06432399,0.20038715,0.085833825,0.48145992,-0.116447344,0.15975703,
0.1305893,0.1690691,0.13396397,0.32866722,0.0720747,0.57245266,-0.109432556,0.29087555,
-0.22676285,-0.011102825,0.041519664,0.3894848,0.19484317,0.028251063,0.14661647,0.24771173,
-0.65476495,-0.03509088,0.023113606,0.15709144,0.21252377,0.07367615,-0.11561433,-0.19775538,
-0.3079693,-0.023941383,-0.0072260816,0.08892942,0.070871115,0.19648032,0.0684229,-0.24280499,
-0.03405078,-0.05038632,0.12313638,0.066305965,0.08168123,0.19196892,0.13031796,0.017199354,
-0.034205727,0.05422828,0.16183504,0.1017357,0.12467397,0.14338017,0.07486377,-0.12839335,
-0.048238467,0.065402,0.075790256,-0.12835865,0.26638126,0.17855822,-0.16430378,-0.118140474,
0.07802964,0.25079647,0.23874821,-0.09266612,0.05492155,0.08462333,-0.20153417,0.005039424,
0.005605795,0.29056537,0.0783605,-0.19003509,-0.05313404,0.1492065,-0.084862426,0.07701115,
0.17498924,0.3250227,0.014158153,-0.34117615,0.012501499,-0.11822431,0.10511664,-0.11789688,
0.038973823,0.6674677,0.049330026,-0.42463472,-0.14554104,-0.10095339,-0.07736315,-0.07556489,
0.24937004,0.35164127,-0.36536413,-0.16962077,-0.33883786,0.19502121,-0.3178759,0.12307403,
-0.06417747,-0.35827535,0.1561016,-0.3569601,0.020574728,-0.63758564,-0.12976453,0.5046921,
-0.5900276,-0.5213477,0.6896481,0.19598095,0.38525817,-1.2678416,0.1891576,0.32127678,
-0.08011989,-0.23632684,0.28545332,0.3064213,0.51147383,-0.5652074,0.37595254,-0.35945913,
0.00039619207,-0.13319501,-0.27473357,0.2760287,0.101650834,0.08393756,0.12440586,0.26983324,
-0.095967785,-0.3051284,-0.097633734,-0.19536026,-0.065648116,0.5715401,0.06857178,-0.09935932,
-0.1923064,-0.22961698,0.07123376,-0.4394217,0.4513999,-0.4098759,0.46276295,-0.54107535,
-0.37030333,-0.12746431,-0.11660457,-0.13603993,-0.3269851,-0.5026437,0.317045,0.063234776,
0.15919986,-0.084692664,0.31524786,-0.52847093,-0.26245835,-0.29539552,0.31243098,-0.39621004,
-0.12985876,0.13847966,0.14711593,-0.88750833,-0.36925724,-0.075444736,0.084594615,-0.0945465,
0.16168672,0.108869985,0.0428569,-0.67207354,-0.24838735,0.10301447,0.014075982,-0.0476046,
0.18588126,0.09327431,0.09269247,-0.112431295,-0.17913546,0.15413465,0.01111185,-0.15697561,
0.053608995,-0.001059026,0.15271616,0.11827642,-0.17273828,0.21491808,-0.049112108,-0.0659311,
0.10057975,0.0075115054,0.05199586,0.038461387,-0.16654576,0.3629025,-0.03781804,-0.103451915,
0.102105446,-0.12960741,0.053978026,-0.040624097,-0.32303694,0.3717156,0.094047174,-0.13488805,
-0.08097736,-0.119817615,0.023992121,0.009690155,-0.13059005,0.36604548,-0.020212727,-0.12058131,
0.0045081084,-0.03044166,0.067390606,0.21168624,-0.04023699,0.5214603,-0.23305099,0.23014502,
-0.059805404,0.2206977,0.1613694,0.25695434,0.23692288,0.3781829,-0.08391477,0.26945305,
-0.30932072,0.07961805,0.0757089,0.2985449,0.23632951,0.19193067,0.17676373,0.25437137,
-0.6056341,0.44089353,0.08711468,0.20291711,0.13577525,0.5000931,-0.042954974,-0.1123167,
-0.32928568,0.00400482,0.21783926,-0.026507417,0.1860785,0.43883902,0.044689815,-0.20859097,
0.019746523,-0.0836166,0.13559906,0.04935407,0.120107524,0.5357567,0.05814617,-0.17360777,
-0.14755644,0.13479762,0.15969834,-0.022737889,0.11938271,0.32398218,0.023497181,0.00057783263,
-0.072020255,0.21207295,0.09362322,-0.04225946,0.056416653,0.22038943,-0.15489353,-0.051352613,
-0.056578256,0.10164094,0.08404999,-0.118183024,0.10952897,0.033642206,0.025965834,-0.040505394,
-0.010135905,0.06610107,0.012654462,-0.2846159,-0.041951228,0.09722046,0.043682214,-0.10300738,
0.13150717,0.3557082,-0.19241029,-0.51953423,-0.13717878,0.052691717,-0.08353198,0.010164644,
0.09888348,0.24768944,-0.38178495,-0.55055547,-0.3878707,0.120726116,-0.18270348,-0.14129081,
0.06560808,0.09752447,-0.47128165,-0.6786191,-0.16249575,-0.009764162,0.16170841,-0.04466718,
0.18478034,-0.3376981,0.064238876,-0.36039916,0.12918122,-0.16121024,0.13903214,0.09748155,
-0.5015642,-0.80867773,0.605863,0.18335988,0.48868102,-0.42400312,0.021859951,0.024849065,
0.35615638,-0.48432305,-0.3817716,-0.17020611,0.6166811,-0.14343889,-0.28688425,0.474503,
-0.19697696,0.40449888,-0.14603214,0.03383571,-0.28276616,-0.14778593,-0.4702459,0.110566005,
-0.3139723,-0.22871566,0.28496,-0.13389915,-0.11680428,0.08861558,0.296318,0.10246456,
0.055156033,-0.38025734,-0.30465734,-0.25354356,0.3693701,-0.12744367,0.6869043,-0.5371853,
-0.3800843,-0.35552707,-0.04570378,0.16939773,-0.4556813,-0.32593054,0.15183426,0.15406848,
-0.13545798,-0.31391653,0.21254644,-0.01486777,-0.06293708,-0.15852535,-0.0042585945,-0.40519223,
0.11789028,0.035747312,-0.27639627,-0.21945404,-0.12848486,0.20132197,-0.08614167,-0.3016427,
0.06561695,0.08937735,0.060798373,-0.5475989,0.016414087,0.04719195,-0.091735974,0.023691371,
0.18799435,-0.03877583,0.088777594,-0.23914343,-0.0692065,0.19707137,-0.23991038,-0.14744635,
0.052366413,-0.21812671,0.07707923,-0.06767185,-0.13721688,0.15985556,0.029370423,-0.10632197,
-0.023308542,-0.26352954,0.069372386,-0.08664067,-0.12464568,0.16824922,-0.017465042,-0.0093201585,
0.0070250668,-0.07688554,0.009427007,-0.038299967,-0.2360705,0.1627227,-0.005775215,-0.01549814,
-0.0174322,-0.07833504,-0.04111938,0.02905711,0.009930399,0.5450626,-0.13819642,-0.031286143,
0.22928254,0.18345648,0.02371696,0.08542746,0.12502459,0.507557,-0.2683162,0.044565704,
-0.19529201,0.2684327,0.05826055,0.18464713,0.24998583,0.3025821,-0.0725601,0.21938026,
-0.41441476,0.27896997,0.1041247,0.23573372,0.24847244,0.228336,0.07618718,0.23549922,
-0.37687737,0.312838,0.15175676,0.019415526,0.20196095,0.442056,0.058527764,-0.0073773917,
-0.20171264,-0.013787207,0.062305525,0.029757846,0.08405244,0.52096355,0.03250013,-0.10651864,
0.007653716,0.09828814,0.23180489,-0.034430847,0.109782815,0.5116189,-0.018746728,-0.16613601,
-0.0832645,-0.11855474,0.19000567,-0.03231402,0.103133865,0.21142414,0.15512237,-0.02786618,
-0.0261962,-0.20914023,0.012480883,-0.0965221,0.01728251,0.27872023,0.12064082,-0.23136877,
0.0746739,-0.23048443,0.12891962,0.23451887,-0.08340119,0.0062941047,0.13416792,-0.016146138,
-0.09561234,-0.3448409,-0.11796156,0.01427584,-0.037456494,0.0010739152,0.14376613,-0.13720681,
-0.059729297,-0.09446522,-0.20928739,-0.34455073,-0.14302498,-0.037055925,-0.038992308,-0.15657325,
0.026168723,-0.2571266,-0.26048014,-0.33168274,-0.26038125,-0.16315387,0.30789295,-0.29262942,
0.14743096,-0.063400656,-0.45004052,-0.13322066,-0.21392925,-0.11103328,-0.0948045,-0.17473161,
-0.0020771213,-0.23862168,0.031084679,0.052626196,0.03753436,0.2944728,0.52810115,-0.3093378,
0.0145160295,-1.0217361,-0.26611888,-0.52653515,0.9101934,-0.53049713,0.7449409,0.47355184,
0.31956732,-0.6382276,-0.4738254,-0.26851553,0.6058631,-0.08037759,-0.33922923,0.03880955,
-0.3039533,0.49859098,-0.28895754,0.12107951,-0.3517519,-0.17328836,-0.50954163,-0.048084352,
-0.18072751,-0.1754399,0.3484749,0.082458735,-0.19058195,-0.29259682,0.070482194,0.20522535,
0.48725182,-0.514125,-0.5394896,-0.16914591,-0.36155185,0.60252035,0.27379557,0.23381695,
0.15518449,-0.38049492,-0.12357,-0.09245594,-0.19012521,0.12978953,0.08587867,0.073579706,
-0.069687985,-0.5260359,0.13181154,0.061989672,0.24250866,-0.19881375,-0.1730159,-0.13908291,
0.06366497,-0.3390871,-0.08176017,0.057884797,0.12788145,-0.10049189,-0.40203562,-0.15825447,
-0.11443085,-0.24693178,0.18239282,-0.03837105,-0.19556491,-0.05951449,-0.06550995,0.01950975,
0.26008147,-0.08785951,0.060266078,-0.23464344,-0.121586114,0.073014766,-0.22370252,-0.061016694,
-0.041067444,-0.07108586,-0.04486917,-0.028945442,-0.10720766,0.20202437,-0.0664646,-0.06509329,
0.025406087,-0.1517368,-0.08928963,0.012524673,-0.10672545,0.19421755,-0.14771889,-0.15418117,
0.26212665,0.002115308,0.042532705,0.09089156,-0.073580004,0.13471216,-0.12603277,-0.08069832,
-0.019238116,-0.0011345712,0.005865207,0.0363297,0.14958443,0.2689639,-0.17375492,-0.052753694,
-0.0051145535,0.15667424,0.033235673,0.16026731,0.050931554,0.4444057,-0.22548772,0.03708177,
-0.47523236,0.17687778,-0.04931306,0.0449387,0.25484553,0.350427,-0.007754746,0.2185528,
-0.7119455,0.21978441,-0.14595659,0.21914022,0.23664272,0.33170265,0.06586898,0.23062427,
-0.17992063,0.09900677,0.029885668,0.07536867,0.24012417,0.44886744,0.09817769,-0.16974461,
-0.09718558,0.018973647,0.17277053,0.061641674,0.09482386,0.5225102,-0.02192444,-0.08531098,
-0.06606589,0.06255342,0.17900273,0.024942754,0.124583535,0.5234717,0.079560876,-0.19993825,
0.05981839,-0.06308206,0.11729524,0.038733136,-0.03359173,0.08498293,0.21606122,-0.06576853,
0.04896278,-0.1240253,0.12670453,-0.22456129,-0.19067708,-0.022330973,0.068413414,-0.0887856,
0.032193806,-0.19690497,0.08340318,-0.13691112,-0.20174561,-0.057491865,0.17456084,-0.010670757,
-0.04875587,-0.10240099,0.013422658,0.068018086,-0.10505697,0.01728898,-0.07338053,-0.08747294,
-0.083326265,-0.34166473,0.1286877,-0.25945404,-0.16892494,-0.0012440414,-0.037052575,-0.33984733,
-0.13237701,-0.3682856,0.005614795,-0.34852955,-0.21070184,-0.054329224,-0.08594762,-0.23498796,
-0.21007808,-0.39441624,-0.31586066,-0.20934911,-0.25354317,-0.27761632,0.131279,0.23538661,
-0.18394601,-0.06552894,-0.36043668,-0.035730526,-0.39203694,0.5896698,0.22181278,0.15940069,
-0.5393336,-0.68789506,0.5704546,-0.6813846,-0.071364045,0.009280466,0.19134286,0.0026931637,
0.118258044,-0.56753075,-0.33510044,-0.14582008,0.59291494,-0.27949423,0.4393945,0.28835943,
0.36725622,-0.088910185,-0.17936033,0.032084867,-0.003430918,0.26760903,0.31776252,-0.30139372,
-0.052438803,-0.038441785,0.31574363,-0.24536012,0.09326374,-0.20814204,-0.042137794,0.34474,
-0.59371877,0.089672446,-0.04563758,-0.46647432,-0.032262437,0.16073105,0.1801066,0.29283264,
0.08703603,-0.046196327,-0.28496203,0.02475311,-0.05910023,0.024062602,-0.22614376,0.25330222,
0.1551574,-0.38548425,0.15642446,0.13781582,0.0041137454,-0.16768518,-0.041393496,0.09195591,
0.01677899,-0.38730302,-0.051047456,0.15144542,-0.08895201,-0.053129174,-0.3240234,-0.14354135,
0.035408013,-0.2925027,-0.041391592,-0.09408648,-0.07379101,0.24271642,-0.15562758,-0.1934459,
0.21619308,-0.0853309,-0.057818454,-0.3948321,-0.026617477,0.14286382,0.08156606,-0.1269037,
0.11045535,0.32851171,0.1058472,-0.36394185,-0.08333536,0.2397829,-0.055111192,-0.16639818,
0.21499579,0.09278719,-0.01253293,-0.12899368,0.019995604,0.109110765,-0.13135253,0.08538448,
0.2090803,0.121332034,0.017353289,-0.19920471,0.1384074,0.13852428,-0.15553838,0.089134485,
0.2859513,0.08159417,0.031241007,-0.023082484,0.091767564,0.44283232,-0.22601722,0.03397605,
-0.19592391,0.18505421,-0.03450422,0.035591662,0.28320333,0.49297005,-0.18569246,0.0012251241,
-0.8849442,0.14855337,0.028018132,0.2587285,0.34750664,0.2515191,-0.062397666,0.15133195,
-0.5213393,0.09367073,-0.13128549,0.14519161,0.16733706,0.41566825,0.16424596,0.16810744,
0.0073176413,0.12091264,0.08452159,0.07458026,0.095691726,0.4796543,0.031577278,-0.13870212,
-0.16027768,-0.101447135,0.016883202,0.008196428,0.22280276,0.5011891,0.112495616,-0.18478377,
-0.07956719,-0.18519937,0.18548682,0.13171773,0.06713619,0.49664566,0.08380486,-0.08748886,
0.1321356,-0.355054,0.1129629,-0.07242195,-0.068944074,0.2113743,0.17752185,-0.027498746,
0.1362871,-0.26348218,0.09875445,-0.17740586,-0.32546583,0.018909864,0.1643053,0.09617328,
0.083763756,-0.3506232,-0.0070193605,-0.109689064,-0.26922446,0.028895216,0.24433465,-0.1801602,
0.004768918,-0.11829191,-0.09962841,-0.22140102,-0.12703048,0.022902414,0.051025935,0.0039570057,
-0.025141146,-0.13374935,0.010030223,-0.42680982,-0.20419508,-0.13164496,0.173222,-0.1753433,
-0.13781534,-0.3964839,-0.011944398,-0.39950302,-0.094684705,-0.011210841,0.0077658226,-0.005445806,
-0.36917046,-0.4452026,-0.08888526,-0.34637427,-0.14056756,-0.3214054,0.10377039,0.34929734,
-0.2093645,-0.40108606,-0.57378745,-0.7345558,-0.028944517,0.5679188,0.20377891,0.50184953,
-0.3109627,-0.80371207,-0.057526104,-0.5068436,0.1970618,-0.12547858,0.39976177,0.14101902,
0.24962388,-0.4569632,-0.58498126,-0.22968392,0.5364782,0.30944857,-0.3500259,0.46506426,
0.08483812,-0.074616544,0.04670845,-0.07138588,0.06038554,0.016278632,-0.05209527,-0.05960709,
-0.2155611,-0.48089167,0.24860302,-0.1968872,0.32043195,-0.523864,0.1679006,0.41693848,
-0.67298627,0.13310517,-0.21251483,-0.4627426,0.061906338,0.4560748,0.29932362,0.118383996,
-0.2967267,-0.079244934,-0.24871023,0.04080625,-0.06153335,-0.056042805,-0.63022304,0.42294452,
0.09563563,-0.39378178,0.08778732,0.007423478,0.016124915,-0.19122416,0.036355056,0.25562567,
0.15779415,-0.400674,-0.08690041,0.14291508,0.011169256,-0.04103215,-0.030739965,-0.17242303,
0.02939017,-0.14437734,-0.098474085,-0.004063257,0.0021433665,-0.14021851,-0.07612158,-0.038215905,
0.03464194,-0.18982415,-0.015839428,0.14327133,0.09261605,0.13728485,-0.20910038,-0.11487132,
0.06260893,0.1270473,0.025033662,-0.24457408,0.12201585,0.21407385,-0.15221725,-0.112236984,
0.08977942,0.33735752,-0.038485948,-0.028412132,0.12918049,0.28287333,-0.01310767,-0.08155298,
0.18445206,0.35478017,-0.108999245,0.06262404,0.156615,0.2846855,-0.23822454,0.034953043,
0.0909308,0.35361886,-0.20347857,0.114686824,0.26072535,0.4942316,-0.36267045,-0.015083137,
-0.55528915,0.34012336,0.021118775,0.07506724,0.41287148,0.33672923,-0.18136235,-0.074553885,
-0.67355925,0.16292845,-0.01623921,0.053207964,0.19768201,0.27846456,0.10934508,0.03733712,
0.021468861,0.23432569,-0.14697559,-0.023175826,0.073617905,0.4651004,0.27926356,-0.010695102,
-0.031340465,-0.00032913423,0.06809615,0.0523755,0.042285725,0.2186905,0.14365882,-0.15162888,
0.07606487,-0.14842282,0.09153606,0.0450632,0.06321898,0.3380998,0.1319686,0.010351049,
0.13485037,-0.121047124,0.17466491,0.053019382,-0.13865629,0.14207713,0.12091905,0.10831669,
-0.009526483,-0.08824945,0.063629046,-0.036939964,-0.25883317,0.07547338,0.1019869,0.03125101,
-0.062344264,-0.19433506,-0.02098336,-0.180736,-0.15924951,0.0011127215,0.100868,0.15144308,
-0.11369577,-0.124578066,-0.008885289,-0.03536261,-0.24144211,0.10117707,0.17226726,-0.05163845,
-0.067959115,-0.1473599,0.06368946,-0.29755217,-0.09241136,0.0036414634,0.106329806,0.19673134,
0.0714108,-0.19109915,-0.07563345,-0.087007485,-0.04638086,-0.034152076,0.08082773,0.08195992,
-0.047366507,-0.19713032,0.12173652,-0.12059421,-0.24740817,-0.15680705,-0.0029010016,0.06751139,
-0.08128534,0.18448173,-0.12074615,-0.19976874,-0.1100717,-0.1970688,0.21138306,-0.062417272,
0.14261101,-0.48345777,-0.5141722,-0.17729399,0.41765326,0.399239,0.64741755,-0.08498615,
0.1658875,-0.46108967,-0.34691665,-0.1352112,0.5439606,-0.32056382,0.40973482,0.21366468,
-0.07469238,-0.850242,-0.6486137,-0.4208199,0.6754379,0.03210798,-0.4180541,0.6483261,
0.04325381,0.33936095,0.496939,-0.23858517,0.25036472,-0.25853318,0.15843679,0.16710055,
-0.34686556,-0.48614126,0.42518812,-0.3048358,0.3181951,-0.30819342,0.088009074,0.44930375,
-0.40530685,0.102660164,0.29368597,-0.0331037,0.092486165,-0.12052041,0.6042787,0.035105437,
-0.57625675,-0.055598043,0.014582455,-0.39037216,-0.19212599,0.33876395,-0.18050846,0.38191292,
0.098912515,-0.33454204,0.026228905,-0.14286217,-0.18179274,-0.031332113,0.3251294,0.22296837,
0.09558435,-0.36335012,-0.09813739,-0.061396778,0.105388254,-0.052470244,-0.13753133,0.19275853,
0.026210155,0.013277886,0.043672737,0.12168458,0.028636163,0.086924836,0.08768914,0.11559982,
-0.013550903,-0.07824802,-0.089208096,0.15339655,0.16466486,0.27989683,-0.084256895,0.024560707,
0.069019444,0.118021734,-0.048666976,0.014817442,0.112457,0.26318803,-0.12593022,-0.06961588,
0.026077697,0.20283096,-0.17645507,0.027585682,0.16444907,0.3129948,-0.20530397,0.012661457,
0.06526036,0.3200509,-0.11846162,-0.02098136,0.21828301,0.25583628,-0.3977003,-0.046898387,
-0.21544062,0.19859411,-0.10415518,0.12463133,0.46862358,0.11616638,-0.2782033,-0.14207566,
-0.67404264,0.16594836,-0.15443909,0.15638024,0.38536364,0.4656618,-0.19735225,-0.0141491955,
-0.37109545,-0.010940549,-0.10946474,0.068076275,0.20780288,0.3958199,0.12890561,-0.13359234,
-0.035939664,-0.26454842,-0.052049235,0.12125249,-0.04383453,0.29710135,0.17707987,-0.21059029,
0.015816478,-0.11395606,0.064027354,0.031433735,0.03270899,-0.012304084,0.07015087,0.06677535,
0.15944278,-0.1757266,0.13807876,-0.01080343,-0.060197365,0.100490354,0.012414803,0.10732574,
0.018236155,-0.04119253,0.059312183,0.05523135,-0.028031003,-0.010135577,0.12879136,0.15550514,
0.114075914,-0.17835814,0.005460964,-0.18264495,-0.099530816,0.10467477,-0.014120532,0.06550657,
0.036729366,0.011288324,0.10652568,-0.07002463,0.009718654,0.04395978,-0.13267116,0.055428095,
0.040861446,0.067546114,0.105333924,-0.09064616,-0.107640825,0.08395271,-0.012851747,0.03212068,
0.18709432,-0.18680775,0.08872718,-0.25116697,-0.13422109,-0.04020283,-0.0359062,-0.008087915,
0.04366688,-0.054629743,-0.014453208,-0.32554284,0.015506242,-0.2622821,-0.058008026,0.18159878,
0.08496496,-0.2844557,-0.087014094,-0.2685025,0.031055788,-0.061670415,-0.33463597,0.23694338,
-0.13253821,-0.1118018,-0.3009864,-0.19141367,0.2524569,-0.15091255,-0.14355189,0.15797278,
0.12614577,-0.43660784,-0.17327368,-0.23646274,0.46642578,-0.020784035,-0.10434213,-0.026503649,
-0.054556273,-0.009439629,0.17793544,0.2803271,0.70201826,-0.3327551,0.5483913,-0.62991303,
-0.34082893,-0.5331956,-0.3773654,0.23244263,0.52011824,0.20346026,-0.02213608,0.6129816,
-0.046958216,-0.14729692,-0.2640208,0.22893178,0.131434,-0.1683639,-0.07830404,0.0616948,
0.41616973,0.43846005,-0.49132875,0.050928183,-0.46050125,0.42639667,0.34548146,0.02079324,
0.09958388,0.42289352,-0.13224453,-0.23399171,-0.14091568,-0.40242225,0.7107866,-0.13129522,
-0.336676,9.766254e-05,0.20789038,-0.29977483,-0.28638056,0.44655403,-0.31462714,-0.078616984,
0.11754702,-0.20939313,0.10373524,-0.12709127,-0.12781578,0.07629033,0.050275277,0.15479186,
0.11442252,-0.056993574,0.35671797,-0.025697783,-0.13536389,0.010256559,-0.32895887,0.29985592,
0.10514739,0.1855073,0.09894649,0.04165029,-0.0123846745,0.17865723,-0.29333547,0.24489075,
0.14344235,0.13004318,0.036003686,0.14545767,0.19723879,0.1959371,-0.17122644,0.0960324,
0.19012815,0.06418703,0.039818067,0.084987804,0.14854676,0.21292216,-0.2488782,0.12358068,
0.051185142,0.07612922,-0.14516662,0.03574223,0.25414336,0.19964266,-0.32781672,0.122252695,
-0.023372645,0.25518087,-0.16719916,-0.006076911,0.28798637,0.127407,-0.37532893,0.1086922,
-0.19938803,0.079108015,-0.21951824,0.10124088,0.15767574,0.29677352,-0.11746207,0.016176356,
-0.12527004,0.060094055,-0.21813156,0.06384023,0.12594911,0.20713879,0.0616904,-0.09095957,
-0.34830877,-0.08286322,-0.18788885,0.2331502,0.012044235,-0.011872807,0.28068703,0.08684827,
0.048242737,-0.25317168,-0.048688296,0.086568974,-0.19989742,0.043683305,0.22582063,0.16884586,
0.101146325,-0.17886515,-0.08983069,-0.018742222,-0.17594902,0.0038341868,0.13732019,0.2523502,
0.09427208,-0.124064654,-0.1303697,0.17728323,-0.06381352,-0.19118908,0.041186363,0.22208399,
0.07946337,-0.1427872,-0.065216765,-0.065633416,-0.11348006,0.012261069,0.062953226,0.2876825,
0.05860948,0.18443845,0.019966554,-0.07111774,-0.07606306,0.03048872,-0.13793088,0.16324347,
0.16609389,0.28043705,0.09905098,-0.03904942,-0.08336697,0.06351111,0.025991581,0.13967848,
0.08012087,0.15983044,0.026391452,-0.20587027,-0.02844221,0.03172021,-0.0785605,0.08204965,
0.08438693,0.12646283,0.021160886,-0.30728897,0.015695212,0.040932715,-0.13502146,0.25318155,
0.10339201,0.18667218,-0.019241864,-0.33789346,0.03613303,-0.14953077,-0.3954599,0.40992454,
-0.043525312,0.123428985,-0.1818108,-0.29221365,0.16037308,-0.075184524,-0.14674564,0.28378978,
-0.12189289,0.1877091,-0.14094707,-0.15685333,0.059169844,-0.42141238,-0.077265754,0.045627955,
-0.31159875,-0.5460465,-0.21322115,-0.05089584,0.5272629,-0.36144412,-0.3171706,0.58429253,
0.30332282,-0.6950905,-0.5103857,0.13779968,0.5966694,0.37908876,0.2459717,0.5316592,
0.0142081715,-0.3218801,-0.25564328,0.34035522,0.37666926,0.026490944,0.19250938,0.01907211,
-0.06912376,0.040942997,-0.014168352,-0.08273626,0.015402429,-0.0765527,0.03619036,-0.022396162,
0.32206002,0.44168007,-0.39531523,-0.020048756,-0.32000116,0.4200422,0.25105944,0.021412304,
0.17013146,0.23667844,-0.1860486,-0.041456234,-0.25050044,-0.021391992,0.47607172,0.056740765,
-0.23381844,-0.12089501,0.05209691,-0.39296123,0.050682012,0.23094164,-0.3724121,0.31660587,
0.18968087,-0.38963684,0.004269012,-0.19364335,0.0044046165,0.16526341,-0.10917652,0.31289735,
0.23874293,-0.08904519,0.15004186,0.099069744,0.07134258,0.11879023,-0.8639568,0.18101448,
0.22104028,0.072190955,0.27129498,0.115045294,0.21816042,-0.0004970076,-0.5983671,0.3434967,
0.11864702,0.11656864,-0.0058715823,0.041511115,0.22337326,0.13450028,-0.41468224,0.46018773,
0.11988419,-0.106640115,-0.05443101,0.08580241,0.12955594,-0.05762176,-0.33244374,0.3410048,
-0.07286542,0.055730473,-0.002139261,0.07077347,0.062409803,0.0029769263,-0.1944558,0.20752807,
0.05927908,0.06908261,-0.19974177,0.03727258,0.15130892,0.13371657,-0.04513354,0.25988328,
-0.01591558,-0.004240984,-0.19223936,0.10487015,0.12057121,0.013740189,-0.04972971,0.1694799,
0.031085493,0.11569959,-0.2683527,0.049083654,-0.05864141,0.23149154,0.17708448,0.15647501,
-0.010566386,-0.019967211,-0.018426796,0.05333659,-0.21387772,0.021733304,0.23971228,0.2901242,
-0.009735067,-0.19777732,-0.02420636,0.101672724,-0.20370479,0.06296804,0.23946515,0.18191952,
0.06484498,-0.11709767,-0.11310957,-0.030166792,-0.1711908,0.0038964716,0.07649535,0.20801133,
-0.091072015,-0.2147004,0.02395137,0.10097659,-0.15925024,-0.0180143,-0.10824584,0.14290226,
-0.037107658,-0.03723326,0.09450888,0.041367196,-0.22494484,-0.018580299,-0.009461829,0.15276685,
0.048248567,0.07099146,-0.014034912,-0.27831683,-0.062592834,0.09809189,-0.07654988,0.33813408,
0.04526976,0.2361413,0.05785744,0.011543009,0.10593912,-0.07805991,-0.10530634,0.21083139,
0.06560048,0.094404556,-0.0096074175,-0.45280245,-0.05788508,-0.03071178,-0.14092411,0.35337752,
0.09315582,0.15885384,-0.09301796,-0.6475423,0.23354205,0.007886044,0.0116466805,0.34662303,
0.021210074,0.48626494,-0.13479288,-0.28361708,0.14759819,-0.26652473,-0.112121135,0.2754949,
0.04875565,0.20958225,0.038258262,-0.14511572,0.0976668,-0.41633987,-0.17106155,0.269055,
-0.210516,-0.21967947,-0.27704284,0.0718537,0.18294339,-0.5804785,0.27058515,-0.008680853,
-0.47219747,0.052149933,0.31582305,-0.13877092,0.05283353,-0.50376606,-0.2543497,0.24846706,
0.8515816,-0.81547964,-0.45519316,-0.012161822,0.36308685,0.52897245,0.17392507,0.40813053,
-0.034768473,-0.01898088,-0.039886642,0.0017982293,0.01391062,0.014641984,-0.055945955,0.032895934,
-0.06306836,-0.37490663,-0.40997478,0.24490407,0.33251062,-0.3741493,0.40642777,-0.26467615,
0.11484198,-0.40154776,-0.08044158,-0.24643318,0.2628648,0.2058585,0.021597242,0.029698316,
0.061522882,-0.55814356,0.08643472,-0.209313,0.13232523,-0.26444718,-0.07867561,0.7694582,
-0.016619438,-0.24118128,-0.19986749,-0.10743084,-0.007595451,-0.04071912,-0.5408572,0.5423588,
-0.066414565,-0.09920887,-0.031181414,-0.045648713,-0.22550045,-0.4656241,-0.21156538,0.32789215,
0.24129665,0.1590078,0.08027047,-0.12869509,-0.24045748,-0.11382804,-0.3539512,-0.010703894,
0.102477506,0.3256983,0.07193859,0.10948615,0.27342808,-0.21219507,-0.23305866,0.2806741,
0.10929028,0.29817182,-0.07978115,0.098770104,0.18635109,-0.16978808,-0.36499178,0.36740243,
-0.06368628,0.13866432,0.037362866,0.105624825,0.012388417,-0.050775144,0.05247207,0.24649899,
-0.045008224,0.13675073,-0.102422595,-0.010987547,0.06732915,0.048892587,-0.09996214,0.054345917,
0.063579604,0.052456625,-0.086179145,0.03252956,0.0032481656,-0.043046255,-0.05992877,0.17695138,
0.13205715,0.055110894,-0.012525546,-0.015135201,0.010588894,0.1378689,-0.043840397,0.22040477,
0.16877444,0.012943561,-0.04954442,-0.008907185,-0.097967096,0.12997487,0.0632317,0.19000192,
0.044109885,0.03914421,-0.04357403,-0.06170644,-0.098985374,0.22530432,0.021163506,0.27996,
-0.08145486,0.08267762,-0.066951945,-0.03328431,-0.23684815,0.00013426089,0.059382107,0.31519535,
0.040413246,-0.0096745575,-0.060690764,-0.090223655,-0.17096503,-0.019184483,0.061789628,0.16291341,
0.0102050705,-0.121670835,-0.041130625,-0.16706815,-0.048556615,-0.11754061,0.05027012,0.14461789,
0.021377323,0.16749065,-0.13865827,-0.19688714,-0.18224405,-0.0015046515,0.024770265,0.1791265,
0.013893419,0.15659642,-0.070549145,-0.12352826,-0.07668647,-0.1504285,-0.12057336,0.15824892,
-0.041942235,0.10236051,-0.051244825,-0.20387782,0.09380135,0.15093815,0.0235782,0.09727575,
0.06395377,0.4095305,0.0058635776,-0.21104066,-0.1093911,-0.14877307,-0.005299171,0.12086692,
0.05362301,0.41709715,-0.0013566206,-0.4776832,0.09736742,-0.2015379,-0.0656769,0.041104026,
0.0370245,0.34341383,-0.105462976,-0.50041735,0.24143098,0.09460633,-0.28832307,0.18111572,
0.004601899,-0.057499543,-0.35241124,0.09873062,0.20802501,0.08567077,-0.24951768,0.29754806,
0.2634115,-0.39102975,0.009088375,0.36445558,0.07933571,-0.58925575,-0.06983265,-0.07950776,
-0.022289863,0.089153685,-0.21485017,-0.2796044,-0.046894204,-0.5080684,0.79775465,0.26470664,
0.8220151,-0.6167702,-0.72490233,-0.39240864,0.27659515,0.43655667,-0.30027366,0.11696807,
0.06344681,-0.05798059,-0.007712083,-0.039331477,-0.014939572,0.048713233,-0.077840544,-0.11573979,
0.021043606,-0.258196,-0.45849997,0.21995197,0.43624887,-0.35927647,0.50384855,-0.11273973,
-0.47923884,-0.30060804,-0.09253553,0.16869387,0.25877565,-0.09240033,0.40088245,0.16858484,
0.19008678,-0.66081387,0.08402109,-0.090878606,0.44127223,0.017268559,0.026025776,0.47747496,
0.23372097,0.047092978,-0.2736896,0.31414095,0.1301571,-0.001595497,-0.6227153,0.04944497,
-0.22502881,0.071107276,-0.16518822,-0.25524163,0.101097845,-0.47480974,0.07079635,0.26345164,
0.11143261,-0.17818479,-0.41421047,-0.0031458123,0.13315819,-0.34567735,-0.39701772,0.3172988,
0.03540901,0.013689086,0.009316727,0.06800844,0.31692117,-0.3667266,-0.4219322,0.18274409,
0.041343257,0.23948212,-0.011228059,0.15322047,0.36522788,-0.19958451,-0.20369494,0.2335736,
0.07138388,0.11242832,-0.09682191,0.013506506,0.17426269,-0.11074236,0.016621828,0.151265,
0.037823282,0.065761,-0.0785402,0.12322496,0.13135193,-0.11555559,0.09251692,0.122111954,
0.07375066,0.20360981,0.02992487,0.017464617,0.18578868,0.15002522,-0.0043842075,0.07477341,
0.0066452366,0.1612543,0.09278581,0.033326797,0.041889217,0.16055499,-0.092478566,0.19361,
0.09007708,0.36010504,0.060404014,0.07713583,0.06482289,0.17746013,0.07494879,0.21153298,
0.06461202,0.096699074,0.048334364,0.06866163,-0.032675214,0.2126436,-0.07003598,0.12921602,
0.022418244,0.13497157,0.04666738,-0.09251277,-0.071332194,0.0071557704,0.22330576,0.089850955,
0.033673033,0.025918603,-0.0719493,-0.109966196,-0.10851108,0.04408016,0.10079893,0.16945782,
-0.12909278,0.0475475,0.051790874,-0.10412491,-0.09861864,-0.13433991,0.051847074,0.12581559,
-0.06815534,-0.011867168,0.035200793,-0.2340322,-0.28297272,-0.1138845,0.14644985,0.10724228,
0.012719338,-0.027712977,0.014765776,-0.15515967,-0.099823914,-0.08846494,0.047622573,0.20313875,
0.02902795,0.12864466,-0.011613166,-0.11368953,-0.048083283,0.08877943,-0.07473497,0.15261026,
0.06161805,0.1287976,0.12965623,-0.55726933,0.06557562,0.03329645,0.0014220632,0.24744275,
0.07001742,0.11707003,-0.08541637,-0.4378151,0.13132434,0.08227464,-0.21851914,0.052846994,
0.10634999,0.15997775,0.040980667,-0.115013115,0.0731006,0.23061882,-0.23549013,3.133688e-05,
0.03001113,0.015197008,0.04241185,0.299274,-0.19751434,0.028681934,0.06805099,0.28403032,
0.06806729,-0.5633498,0.11605413,0.3797196,-0.028812196,-0.4081142,0.5046366,0.1138746,
0.056549996,0.22089218,-0.02462753,0.012923647,-0.5039436,-0.39274955,0.47358754,0.2571109,
0.68792784,0.29859218,0.22737628,0.28437918,-0.5512205,-0.14231855,-0.6695989,0.38410765,
0.08978151,0.069373086,-0.051932327,-0.026658576,-0.033592768,0.10781099,-0.042242646,0.01010432,
0.031075612,-0.049283296,-0.059965074,0.01939182,-0.08326153,0.086226895,0.042061716,-0.010585681,
0.07945986,-0.04485076,0.043762997,0.029280052,0.030015431,-0.05669897,0.03879617,-0.03802321,
-0.6301231,-0.21951836,-0.42619327,0.04291984,0.09496345,-0.08438812,-0.24964368,0.7124464,
0.1554043,0.090256535,0.51652265,-0.37424195,-0.3866723,-0.20528683,-0.29600325,0.5116899,
-0.013833502,0.02717106,-0.040419117,-0.1724637,0.015799867,-0.5706949,0.19469285,0.1880512,
-0.05611489,-0.045455545,-0.08686809,0.023372531,-0.055180248,-0.46972266,-0.16599035,0.36101937,
0.026715394,-0.005033668,-0.05061477,0.07080106,0.0019529369,-0.14726436,-0.15588292,0.0932068,
0.041701548,-0.053166386,0.029440418,-0.071980596,0.29970878,0.08068948,-0.10350322,0.11923512,
0.11543607,0.10858193,0.15236329,0.07989042,0.032552544,0.11468735,-0.21424623,0.18761156,
-0.015450599,0.11114389,0.030616255,0.0702607,0.12705877,0.016378969,-0.1328491,0.30468696,
0.12935121,0.10755188,-0.010535106,0.07772962,0.10807604,-0.04608285,-0.13526899,0.1779659,
-0.0556783,0.12525183,0.10017306,0.049415104,0.18832564,-0.017838763,-0.090556465,0.25200063,
0.020446405,0.20113768,-0.07682209,0.20644696,0.08520391,-0.06797266,0.03125237,0.2345954,
-0.009138401,0.32051235,0.005522656,0.013014433,0.15455987,0.13246424,-0.0087878425,0.26380062,
0.1681342,0.29794252,0.096781656,0.11904227,-0.02378734,0.15246916,-0.0416926,0.12618573,
-0.021660281,0.13563767,0.040910747,0.06928416,-0.11547611,0.13737796,0.10472549,0.14367215,
-0.14231166,0.23342298,0.00041519874,0.12252602,-0.049355164,-0.0063679223,0.085880816,0.11974539,
-0.019518372,0.10175273,-0.055396948,-0.2618616,-0.21350032,-0.030892223,0.18253091,0.07645067,
-0.15318476,0.08323182,0.08351612,-0.45823616,-0.13358156,0.2554156,0.06296653,0.12454081,
-0.21987976,0.07585175,-0.07327813,-0.45524794,0.046545696,0.4100069,0.031729784,0.1826795,
-0.21443525,0.19678469,-0.075678274,-0.12975204,-0.04591733,0.3128727,-0.004715915,0.21087202,
-0.13391088,0.09248416,-0.119402915,-0.21081309,0.081571795,0.4834223,-0.09405301,0.024006302,
0.16001344,-0.18608022,-0.19071591,-0.42434552,0.21272717,0.12550393,-0.012158877,0.30030394,
-0.10628846,0.08892457,0.33513612,0.096976005,-0.19578508,-0.04465616,0.12119693,0.5333928,
0.12708311,-0.49072647,0.40431842,0.5307645,-0.05501681,-0.30548927,0.21832834,0.026424568,
0.13625541,-0.017053952,0.12666413,0.4435817,-0.50487876,-0.01502078,0.05557096,0.40556368,
-0.014022006,-0.13839264,-0.079925716,0.34883916,-0.44371912,-0.5246078,-0.13235874,0.67392844,
-0.0041944534,0.07949692,-0.048399232,0.045446143,0.07346669,-0.026053727,-0.058721926,-0.07231533,
-0.047392342,0.07290767,0.0504155,0.07234526,0.052265286,-0.029157098,0.02880793,-0.053603526,
-0.022878699,-0.030934624,-0.08015133,-0.06523998,0.05894476,-0.023733541,0.06238605,-0.030597575,
0.44855517,-0.40553325,-0.3052463,-0.34815776,0.383515,0.21464193,0.31766057,-0.03927372,
-0.074942105,-0.14471237,0.90281695,-0.71391875,-0.2625631,-0.7342912,0.19383681,0.41180363,
0.12690854,0.088655725,0.6828206,-0.70028985,0.05587291,-0.7472613,0.14746235,0.08655464,
-0.09163568,0.16304845,0.120960645,-0.06709692,-0.07582463,-0.3517851,0.042151347,-0.14088887,
-0.17422718,-0.16063848,0.1194723,-0.21821526,-0.04869364,-0.36321867,0.10292595,-0.0021826485,
-0.07540509,0.09838882,0.22432625,-0.024725646,-0.20533736,-0.24441561,-0.09140665,0.06839983,
0.11600232,-0.009953682,0.1592064,-0.03781579,-0.03514504,-0.2451076,-0.027156496,0.030695338,
0.15966877,-0.122706,-0.08066646,0.14707176,0.041461248,-0.14042147,-0.15925612,0.15407728,
-0.06847845,0.12927884,0.17553937,-0.07105646,0.03804998,-0.18358235,-0.13238709,0.057900816,
0.06173075,0.17462751,0.0500371,-0.06934552,-0.024232414,-0.1222767,-0.10111765,0.11720621,
0.22571938,0.24669039,0.027935566,-0.06398682,0.02865908,-0.10353907,-0.08834674,0.18479733,
0.10370331,0.21497624,0.14075866,-0.06731543,-0.0070649404,-0.11079505,-0.0605368,0.23077513,
0.01137273,0.16943139,0.045188487,-0.015993074,-0.057183437,-0.08403044,0.056893602,0.37064806,
0.11025156,0.2649909,0.06587362,0.030365812,0.031960785,0.18081765,0.13309841,0.25070485,
-0.057051465,0.25098217,0.0871659,0.050996933,-0.16315557,0.3519213,-0.07089081,0.18258657,
-0.023410864,0.05968531,0.21694739,-0.16440624,-0.017158085,0.19599737,0.041828744,0.19023272,
-0.19948325,0.25935304,-0.037412863,-0.3306166,-0.061218236,0.17438523,-0.08945881,0.21621466,
-0.21961512,0.35451484,-0.07539601,-0.44230765,-0.15731892,0.074116245,0.22176896,0.13368805,
-0.20932657,0.1491798,0.39639843,-0.4804089,-0.19530524,0.19961016,0.19595397,-0.028659364,
-0.18420285,-0.17171562,0.15608378,0.031999934,0.02212869,0.23320603,-0.050191514,0.07851485,
-0.3297244,-0.26764184,0.34720922,0.54066783,-0.026032781,0.041897036,-0.021023428,0.29700035,
-0.26266477,-0.061477378,0.676794,0.5640027,-0.14960334,0.2535011,-0.41075197,0.31698483,
0.23236857,-0.84475225,0.06690097,0.29246053,0.35306913,0.053485185,0.18326786,0.17547931,
0.367572,-0.6041436,-0.63318443,0.29652065,0.36602885,0.6489228,-0.15695283,0.15673542,
-0.006003067,-0.44395307,-0.45438653,-0.20120695,0.41031244,0.19223659,0.49984473,0.39695314,
-0.059527837,0.027280651,-0.08155908,0.0059453547,0.054930925,-0.015393674,-0.04071825,0.031536773,
-0.007838674,-0.072754495,-0.025303721,-0.029040951,0.06662053,0.029538289,-0.03374189,-0.00908865,
0.04221879,-0.08578632,-0.07623069,0.06019868,-0.042710267,-0.010250412,0.07088201,-0.08373018,
-0.3928671,0.28235167,0.5396495,0.016105518,-0.34456378,-0.2091663,-0.3316218,0.13431959,
-0.32460517,0.5700139,-0.37053418,-0.073754705,0.406954,0.06780696,-0.25488195,-0.7127,
-0.22947106,0.2547433,0.22010359,-0.42205653,0.22576022,0.063279,0.04191342,0.0009403949,
-0.05091326,-0.19559044,0.5792754,-0.30612117,0.05774147,-0.253064,0.17150371,-0.19089173,
0.017229388,-0.18980831,0.19592685,-0.4211617,-0.19052221,-0.25613376,0.081708536,0.027793828,
-0.14437172,0.021720301,0.34448,-0.34705734,-0.23149504,-0.4805256,0.09343545,0.06496094,
-0.13722399,-0.2760697,0.31746164,-0.33076867,-0.042868465,-0.6227261,0.12519936,0.08942228,
0.041579783,-0.090549394,0.13500161,-0.18612362,-0.11307318,-0.57997227,0.10056031,-0.044101197,
-0.29118103,0.27232593,0.18150115,-0.22129138,-0.19629158,-0.2711865,-0.055924628,0.22311419,
-0.01150203,0.19311951,0.11325708,-0.21281527,-0.10962145,-0.50475484,0.18260123,-0.025113821,
0.08027731,0.044120092,0.22414583,-0.075635165,-0.06271605,-0.64093286,0.16886382,0.20288628,
-0.06440923,0.05114431,0.2453713,-0.13783021,-0.18112524,-0.4032613,0.092931814,0.1048115,
0.11670187,0.24026732,0.17529008,-0.070587724,-0.020105261,-0.26643205,0.19597307,0.05385347,
0.02670839,0.48455986,0.28783584,-0.19526957,-0.19239998,-0.05299071,0.14344725,0.14955738,
0.16268428,0.2949639,0.29107493,0.119439766,0.010368703,-0.2173598,0.28138977,0.27859867,
-0.105503425,0.31567273,0.30641055,-0.1547284,-0.0341634,-0.13579443,0.13792093,0.24355198,
-0.34351182,0.42677045,0.61998904,-0.25761843,-0.20399776,-0.37185526,0.20840661,0.12555201,
-0.3428884,0.11667366,0.64596206,0.063312344,-0.45919302,-0.4273378,0.4136827,0.32960746,
-0.40943825,0.21109338,0.60784614,0.20140173,-0.12719513,-0.12655075,0.23138164,-0.1969299,
-0.11192347,0.2616673,0.5867327,0.13692707,-0.15877323,-0.1472897,0.028305214,-0.16123863,
-0.90005976,0.35061613,0.42925617,0.8135001,-0.48277706,-0.17042021,0.124429494,0.14947547,
-0.81952596,0.67682755,0.7501438,0.69599324,-0.47514188,-0.112525955,-0.25442207,-0.0013563645,
-0.5312293,0.66262317,0.52220833,0.29522634,-0.5697322,-0.563097,-0.2570944,0.4288407,
0.024739213,0.25117093,0.32617226,-0.058523357,-0.18163417,0.15629561,-0.50302637,-0.29740378,
0.01801677,-0.42857227,-0.34725815,-0.11275769,0.35961887,0.2694332,-0.06592576,0.35959253,
-0.019707493,0.0054321215,0.025688954,-0.07011181,0.043112084,0.018845737,-0.06505839,0.039339304,
-0.05409559,-0.060034737,-0.057745498,-0.054705046,0.07402995,-0.029393937,0.08479315,-0.0042057857,
-0.043595824,0.018039308,-0.04892033,0.041982695,0.08427629,-0.0847934,-0.08416871,0.078122735,
0.01603534,0.057232663,-0.01481431,0.0042479336,-0.04277667,-0.00523299,-0.0004145801,0.04268539,
0.075830534,0.048480358,0.39188567,0.23896709,-0.4357158,0.502182,-0.43798938,-0.13168715,
0.05016202,0.03268077,0.48505026,-0.008034706,-0.1939731,0.378013,-0.04607185,0.094187416,
-0.25876513,0.14786068,0.3647506,-0.21775638,-0.24915285,-0.25666332,-0.01962528,0.11082864,
-0.12234955,0.3040549,0.17377278,-0.19470373,-0.08609402,-0.3397943,0.074040346,-0.0051497524,
0.36826602,0.14052555,0.2728634,-0.29009447,-0.03865566,-0.13360535,0.003517044,-0.100419834,
0.44195944,0.264943,0.40063366,-0.033293393,-0.0234946,0.13726683,0.11265263,-0.18217328,
0.21299262,0.1058499,0.56398225,-0.087743744,0.06428349,-0.23098192,0.13637216,0.019648435,
0.29161948,0.055384297,0.4842174,-0.19522513,0.15123229,-0.38756406,0.11360261,0.12995324,
0.06786732,0.43523443,0.42012504,-0.13662715,-0.08398824,-0.31484115,0.020281658,0.22957665,
0.48589802,0.8728928,0.46238843,-0.27100837,-0.2471424,-0.4449565,0.12440328,0.05935652,
0.13618097,0.5967044,0.59655964,-0.26728252,-0.1844642,-0.5263214,0.1983805,0.08630487,
0.17204534,0.58645725,0.7264946,0.10998456,0.045966454,-0.45682418,0.16256411,0.16610819,
0.12332963,0.23038056,0.5367714,0.06746221,-0.006638196,-0.6061563,0.29577845,0.18921238,
0.38945916,0.18618326,0.6943464,0.6375933,-0.25062063,-0.688266,0.292482,0.17304191,
0.68432707,0.27648354,0.8036242,0.5583726,-0.20963228,-0.32232583,0.16687773,0.22956894,
0.46682218,0.014953695,0.45407808,0.22969224,-0.44008395,-0.6115288,0.33001438,-0.0107516665,
0.13163325,-0.12066721,0.34684825,0.24818265,-0.32234943,-0.7890936,0.44540632,-0.0023562254,
-0.23682146,0.63834053,0.9131838,-0.2731717,-0.019263273,-0.880047,-0.04899052,-0.19916733,
0.34911588,0.70472944,0.42977434,-0.17308764,0.06721677,-0.78183186,0.09396396,-0.101082034,
0.7219183,0.50288016,0.31093028,-0.19476712,-0.36632866,-0.58619,0.28530002,-0.20473845,
0.24408059,0.40868664,0.43578368,-0.33477417,-0.2548728,-0.10884108,-0.06659027,0.32254097,
-0.30297527,0.25748098,0.41263926,-0.043252185,0.27753037,-0.49776623,-0.44642943,-0.4810462,
0.10791981,-0.14288794,-0.2192274,-0.19359517,0.193436,-0.084308706,0.3119779,-0.28972667,
-0.0015615821,-0.050887484,-0.033548154,0.08311495,0.009028055,-0.07222182,0.037749723,-0.030911963,
0.029540196,-0.015338264,0.08302653,0.08615047,0.008026481,-0.039192233,0.0668101,-0.07827469,
-0.026577022,0.06055799,0.06529066,0.08543116,0.017312668,-0.07269865,-0.04337353,0.050100103,
-0.07989048,-0.08228225,-0.049753673,0.02343142,-0.026377019,0.06671555,0.025209695,0.0566601,
0.08473483,0.051466703,0.049107924,0.0047697723,0.052305132,0.04786016,0.059971422,-0.039383523,
-0.014797188,0.062266305,-0.020681515,0.034102842,0.028858028,-0.008290477,0.052266598,-0.0029026195,
-0.038007487,-0.16331148,-0.27494463,-0.22580716,0.29547536,0.08103496,0.25832647,-0.040873516,
-0.047370344,-0.065973975,-0.3595588,-0.14841792,0.37368473,0.014796703,0.37939438,0.0039166184,
-0.12830828,0.36278918,0.10025122,0.08904008,0.31632012,-0.22652267,0.15775253,-0.22006883,
0.029880105,0.2990591,0.1605693,0.2386355,0.16685502,-0.51151717,0.010501567,-0.30727172,
0.052589476,0.37352687,0.087286055,0.037824232,0.5683681,-0.4393683,0.34841296,-0.34757367,
0.01902319,0.45402685,0.15091279,0.264022,0.071668915,0.31328702,0.08729112,-0.3704775,
0.40701514,0.62211263,0.25700265,0.13036956,0.21596825,-0.35482305,0.2641287,-0.118609436,
0.008474632,0.5186846,0.3372003,0.28835773,-0.04922065,-0.0006368486,0.03719468,0.18727425,
0.06825398,0.58567894,0.47944003,0.175167,-0.15210326,0.29165778,-0.04755374,0.21815774,
0.37653488,0.50299245,0.2182827,-0.31988463,0.5713759,0.018170016,0.76950973,-0.444274,
0.23403445,0.83023584,0.29021192,0.30098465,-0.20592824,-0.19837292,0.17481638,-0.092954844,
0.35596672,0.73621976,0.01629607,0.052982245,0.08391733,0.3873982,0.03195326,0.16159473,
-0.23595192,0.19387825,0.046153072,0.31023654,0.3375763,0.23050967,0.19548611,-0.14780676,
0.3554867,0.0060117994,0.044480346,0.5002511,0.14223431,-0.30477118,0.7037959,-0.8312847,
0.43733126,0.046234503,0.14280047,0.32881236,-0.368586,-0.36973733,0.20672251,-0.5026034,
0.5015079,-0.074811175,0.020961966,0.3225283,-0.1508299,-0.27746746,0.34882286,-0.50383836,
0.36804777,0.030060047,-0.012681512,0.05218769,-0.47564688,0.3485929,0.038820837,-0.36568832,
0.6086821,-0.4153111,-0.43398118,-0.013676797,-0.26467967,-0.4762349,0.6087069,-0.40607703,
0.5972283,-0.023354156,0.14108068,-0.050761223,-0.32610497,-0.5017468,0.25742546,-0.051991906,
0.45848617,-0.47931713,-0.01627268,-0.03944219,0.14282532,-0.27192438,0.45977005,-0.1972681,
0.044432506,0.021205738,-0.008565873,-0.056777574,-0.014537111,0.04823309,0.021306157,-0.026406154,
-0.071725234,0.005125664,-0.015467137,-0.03403781,0.062639594,-0.049607128,0.0058658794,-0.0375436,
-0.01603733,0.06421566,-0.010035552,0.06799832,0.05602637,-0.006592326,-0.08345968,0.00036850572,
-0.018933266,-0.06322863,-0.04180037,-0.056460157,0.004159339,0.037288956,-0.014674753,0.07263476,
