-0.061544664,-0.41857365,-0.2478054,-0.42686006,0.24403967,0.08840333,0.3905341,0.6511043,0.7141296,-0.014093551,-0.08367542,-0.69667447,
0.5510989,0.48827514,-0.40840513,0.60526925,-0.218182,0.6279522,-0.17748526,-0.03357395,-0.6638135,-0.11857316,0.16567735,0.1305821,
0.5565877,0.39883405,0.3942145,0.5900179,0.8422742,0.14056204,0.32174817,0.12776183,0.3577003,0.24565488,0.1608358,-0.11029276,
-0.13547187,0.654485,-0.66829485,-0.1785667,-0.100145444,0.26962817,-0.3250288,0.23146847,-0.6001994,0.4969655,0.40395162,-0.065649,
1.0127193,-0.4756221,0.6236385,-0.40470603,-0.61897045,-0.27743012,0.16739559,-0.29278892,0.45976606,-0.23542431,0.524744,0.5839477,
0.20301633,0.23599564,-0.32684273,-0.0056649423,0.5523322,-0.1148267,-0.11978604,0.6122719,-0.49190086,-0.4831555,-0.8069544,-0.108224764,
-0.27170736,0.30020732,0.038357638,-0.29419857,0.08980081,-0.9696142,0.45501038,-0.34522238,-0.11397925,0.8113057,-0.31258795,-0.07253372,
-0.3818134,0.18488123,0.92328745,-0.47073358,0.043633673,0.637946,0.3039776,0.68450826,0.035135273,0.10137035,0.12281649,-0.43712837,
0.6871299,-0.46725523,-0.08150459,-0.04716681,-0.010237456,-0.24900301,0.736409,-0.86567086,0.32242355,0.28234923,-0.61587316,-0.19601698,
0.29459614,-0.018911017,0.2141747,0.009583153,0.42324257,0.090690196,-0.86972886,0.41497353,-0.37593842,0.6083429,0.011013325,0.9491341,
0.19030896,-0.34333652,-0.3629705,0.026754351,-0.16614476,-0.19494562,-0.22566514,0.2624913,0.29799297,0.43472952,0.6103939,0.29885063,
-0.052126504,0.1781941,-0.44696808,0.026641613,-0.5904493,0.026852204,0.0056153573,-0.064082354,-0.96740794,0.7746148,0.1643467,0.6839533,
