-0.31703424,0.4513992,0.42041585,0.32317775,-0.30166006,-0.5427257,-0.05727681,0.4066914,0.6593232,-0.11115878,
0.29141703,-0.06101683,0.12920551,0.46411565,0.17708257,0.56456596,0.012683027,0.058680274,-0.48902968,-0.57862115,
0.18750979,0.43277714,-1.1145837,-0.36841446,-0.3801392,1.103511,0.099020205,-0.76915866,-0.2477654,0.2927654,
-0.8670208,0.29853866,0.6573226,0.7211316,-0.4954885,0.09152771,-0.949777,0.11965122,-0.9011304,-0.39631462,
-0.49598256,-0.037433688,-0.6634365,0.24859683,0.035898104,0.4652987,-1.2436322,-0.63718116,-0.13818374,0.6024099,
-0.6532216,0.44160125,0.110913396,-0.19014622,-0.4367444,0.9152015,0.41362938,-0.63573855,0.07432597,-0.25560176,
0.1494555,0.25000042,-0.32768258,-0.14967035,0.5679756,-0.50280327,-0.38824964,0.8621631,-0.8405678,-0.19538067,
0.14153488,-0.6199413,-0.6224235,-0.24859771,0.23429973,0.57023704,0.7290164,-0.87954223,0.44368866,0.16822846,
-0.28031287,-0.5916187,0.20049047,-0.59985274,0.90818864,-0.20140184,0.039959524,-0.65452933,-0.9726298,-0.21377136,
0.4250199,-0.42788145,0.16107586,-0.17207402,-0.36328626,0.2821246,0.24188843,0.54398674,0.10166816,0.6181966,
0.39347643,-0.03421881,0.13834184,-0.13229485,0.5518196,-0.5441526,0.39755875,-0.5492403,-0.7260738,-0.43320295,
0.59741116,0.49720687,0.5335843,-0.32902232,0.18001562,-0.60996485,-0.56121165,-0.06267884,-0.004028308,-0.56431586,
