0.3500526,0.3774758,0.15857746,0.582085,-0.37377533,-0.54895705,-0.17295969,0.045482665,-0.6051827,-0.38890675,0.27502543,-0.48519054,
-0.021796253,-0.3062124,0.44363055,-0.9861276,0.676561,-0.563248,0.08734098,-0.00749634,0.3889302,-0.50810295,0.27678984,0.30311775,
-0.2692826,-0.110915825,-0.024163062,0.16647837,0.24530178,0.6518131,0.30565575,0.6011245,-0.49818915,0.30646154,0.16253278,0.9329136,
-0.23108591,0.5451651,0.8167061,-0.9554874,-0.7057385,0.63189435,-0.114340186,-0.08099991,0.51892185,-0.40662217,-0.3315188,-0.98095286,
0.5750622,0.3722386,-0.09107773,0.39309612,0.31131154,0.15759009,0.35234225,-0.5846453,-0.007526948,0.41558838,0.5998517,0.2163214,
-0.12576734,0.6202218,0.5931436,-0.3485089,0.21681848,0.6411772,-0.38408554,-0.026189882,-0.0022890468,0.5177578,-0.05471168,-0.4163003,
-0.9681032,1.0188212,0.06546894,0.628349,-0.0054265135,-0.24979497,-0.026057003,-0.106547005,0.39948118,-0.13724783,0.029859098,0.09046805,
0.52633333,0.12360429,0.8150697,-0.37307495,-0.5230374,0.20126094,-0.0069035618,-0.16447915,0.17956553,-0.37163487,0.064193524,-0.9211287,
0.538821,-0.40969157,-0.25666165,0.011227236,0.27316755,0.44824106,-0.28257102,0.48895797,0.64073646,0.15519786,-0.23401487,-0.04409966,
-0.42941374,0.38663357,0.6211134,-0.17714964,0.7713993,-0.29756898,0.10670453,0.5858953,0.36651734,-0.5194561,0.2664476,-0.25914675,
-0.0077135055,-0.34536484,0.93421865,0.5341001,-0.10447915,0.2931133,0.7041145,-0.15807208,0.46755335,0.23624387,0.30132854,0.18086699,
-0.659366,0.14458306,-0.033125017,0.7603928,-0.35925362,0.2624183,-0.26391345,-0.11464385,-0.46236446,-0.091411546,-0.45878595,0.44358772,
